1.236
1.240
1.244
1.264
1.264
1.296
1.256
1.276
1.256
1.252
1.260
1.236
1.208
1.204
1.208
1.228
1.232
1.236
1.260
1.252
1.236
1.264
1.256
1.244
1.248
1.244
1.220
1.184
1.192
1.184
1.188
1.160
1.156
1.172
1.188
1.176
1.168
1.156
1.160
1.144
1.140
1.128
1.112
1.152
1.196
1.272
1.272
1.292
1.284
1.168
1.116
1.188
1.264
1.244
1.240
1.240
1.264
1.224
1.208
1.220
1.180
1.168
1.156
1.164
1.196
1.188
1.188
1.196
1.196
1.188
1.212
1.184
1.196
1.196
1.216
1.200
1.196
1.216
1.192
1.220
1.236
1.220
1.228
1.240
1.232
1.208
1.212
1.204
1.220
1.216
1.244
1.260
1.136
1.136
1.268
1.248
1.264
1.248
1.248
1.232
1.196
1.216
1.188
1.192
1.224
1.188
1.204
1.192
1.212
1.244
1.236
1.264
1.272
1.284
1.224
1.140
1.112
1.136
1.204
1.200
1.168
1.160
1.308
1.200
1.176
1.164
1.128
1.140
1.148
1.128
1.128
1.148
1.144
1.120
1.108
1.136
1.136
1.128
1.196
1.152
1.184
1.212
1.176
1.204
1.224
1.188
1.256
1.184
1.188
1.264
1.208
1.208
1.196
1.192
1.188
1.148
1.144
1.128
1.116
1.128
1.148
1.100
1.096
1.104
1.060
1.104
1.144
1.108
1.168
1.140
1.152
1.188
1.156
1.128
1.228
1.172
1.136
1.176
1.156
1.156
1.148
1.180
1.184
1.164
1.224
1.272
1.136
1.260
1.160
1.152
1.172
1.168
1.132
1.168
1.144
1.148
1.140
1.140
1.104
1.112
1.116
1.096
1.072
1.104
1.084
1.124
1.096
1.072
1.076
1.132
1.096
1.100
1.084
1.072
1.112
1.152
1.216
1.240
1.152
1.188
1.184
1.176
1.156
1.220
1.148
1.156
1.136
1.160
1.176
1.156
1.168
1.180
1.164
1.168
1.172
1.136
1.140
1.164
1.128
1.108
1.144
1.148
1.140
1.172
1.176
1.140
1.136
1.144
1.120
1.152
1.124
1.128
1.136
1.108
1.112
1.128
1.132
1.192
1.164
1.200
1.212
1.184
1.316
1.176
1.160
1.184
1.160
1.160
1.244
1.176
1.188
1.160
1.160
1.176
1.172
1.188
1.188
1.172
1.216
1.192
1.176
1.144
1.124
1.136
1.112
1.128
1.124
1.108
1.100
1.108
1.084
1.080
1.084
1.048
1.056
1.052
1.128
1.144
1.132
1.100
1.140
1.160
1.152
1.180
1.196
1.192
1.188
1.204
1.180
1.168
1.172
1.156
1.124
1.120
1.124
1.108
1.088
1.112
1.100
1.068
1.088
1.088
1.084
1.064
1.072
1.072
1.068
1.124
1.080
1.084
1.104
1.068
1.068
1.176
1.108
1.112
1.188
1.152
1.164
1.172
1.244
1.132
1.168
1.188
1.168
1.152
1.164
1.196
1.184
1.180
1.200
1.172
1.248
1.184
1.172
1.136
1.140
1.100
1.092
1.064
1.056
1.036
1.036
1.012
1.044
1.048
1.028
1.052
1.044
1.044
1.092
1.072
1.072
1.176
1.144
1.200
1.148
1.180
1.164
1.176
1.240
1.164
1.244
1.240
1.232
1.268
1.264
1.256
1.248
1.260
1.240
1.224
1.180
1.200
1.200
1.176
1.152
1.132
1.112
1.092
1.108
1.044
1.028
1.036
1.072
1.112
1.140
1.128
1.116
1.156
1.180
1.168
1.192
1.204
1.192
1.180
1.200
1.208
1.188
1.216
1.212
1.220
1.216
1.204
1.212
1.232
1.200
1.204
1.204
1.180
1.184
1.188
1.176
1.180
1.164
1.168
1.188
1.212
1.204
1.192
1.204
1.180
1.172
1.168
1.160
1.128
1.120
1.140
1.108
1.084
1.188
1.164
1.212
1.260
1.228
1.232
1.224
1.212
1.188
1.212
1.232
1.208
1.192
1.168
1.184
1.200
1.164
1.188
1.188
1.176
1.176
1.168
1.132
1.148
1.140
1.124
1.136
1.128
1.064
1.080
1.100
1.076
1.092
1.144
1.116
1.120
1.176
1.136
1.144
1.172
1.156
1.176
1.324
1.228
1.200
1.184
1.164
1.136
1.140
1.132
1.164
1.136
1.164
1.168
1.168
1.160
1.160
1.132
1.128
1.156
1.120
1.100
1.100
1.076
1.080
1.088
1.044
1.064
1.056
1.036
1.084
1.064
1.072
1.088
1.088
1.088
1.124
1.116
1.128
1.184
1.196
1.176
1.224
1.208
1.236
1.252
1.260
1.272
1.228
1.228
1.224
1.224
1.224
1.176
1.188
1.188
1.152
1.128
1.144
1.132
1.108
1.112
1.088
1.076
1.144
1.104
1.144
1.188
1.124
1.220
1.184
1.164
1.128
1.128
1.180
1.156
1.148
1.156
1.132
1.184
1.192
1.308
1.164
1.224
1.140
1.156
1.100
1.140
1.144
1.060
1.032
0.992
0.988
1.036
1.024
1.000
1.040
1.068
1.020
1.032
1.032
1.016
1.024
1.028
1.008
1.024
1.040
1.020
1.040
1.152
1.128
1.224
1.204
1.248
1.252
1.296
1.280
1.204
1.224
1.228
1.216
1.228
1.240
1.232
1.232
1.244
1.212
1.180
1.184
1.188
1.176
1.176
1.152
1.184
1.256
1.276
1.260
1.244
1.240
1.212
1.204
1.208
1.228
1.228
1.232
1.224
1.256
1.256
1.268
1.244
1.236
1.248
1.260
1.232
1.224
1.208
1.216
1.212
1.224
1.232
1.224
1.208
1.204
1.180
1.180
1.180
1.192
1.164
1.160
1.140
1.132
1.144
1.120
1.136
1.132
1.132
1.128
1.128
1.148
1.136
1.136
1.144
1.108
1.216
1.164
1.180
1.160
1.192
1.196
1.188
1.184
1.200
1.168
1.172
1.156
1.128
1.108
1.072
1.024
0.996
1.008
1.056
1.156
1.064
1.080
1.144
1.212
1.116
1.096
1.104
1.100
1.076
1.072
1.120
1.112
1.120
1.268
1.184
1.184
1.200
1.188
1.208
1.232
1.228
1.244
1.224
1.220
1.204
1.192
1.204
1.188
1.196
1.184
1.196
1.192
1.184
1.176
1.152
1.144
1.132
1.132
1.128
1.100
1.108
1.100
1.072
1.044
1.044
1.036
1.032
1.040
1.036
1.032
1.044
1.044
1.064
1.048
1.072
1.108
1.092
1.076
1.128
1.168
1.224
1.208
1.256
1.300
1.308
1.304
1.308
1.312
1.296
1.316
1.304
1.272
1.236
1.228
1.212
1.184
1.180
1.156
1.156
1.148
1.140
1.148
1.156
1.128
1.136
1.148
1.140
1.140
1.152
1.156
1.168
1.184
1.180
1.188
1.180
1.172
1.156
1.140
1.128
1.132
1.160
1.188
1.204
1.228
1.260
1.248
1.220
1.220
1.212
1.192
1.180
1.132
1.116
1.136
1.116
1.112
1.120
1.104
1.096
1.112
1.096
1.052
1.092
1.072
1.072
1.088
1.048
1.060
1.084
1.116
1.088
1.152
1.100
1.152
1.168
1.116
1.176
1.252
1.220
1.236
1.212
1.196
1.200
1.188
1.152
1.156
1.128
1.136
1.160
1.164
1.176
1.188
1.208
1.196
1.184
1.196
1.188
1.188
1.164
1.132
1.152
1.132
1.100
1.088
1.068
1.028
1.016
1.012
0.992
0.980
0.996
1.000
0.992
1.024
1.032
1.012
1.028
1.088
1.052
1.068
1.080
1.120
1.084
1.136
1.176
1.144
1.144
1.204
1.188
1.156
1.196
1.188
1.168
1.188
1.192
1.212
1.216
1.196
1.192
1.196
1.092
1.104
1.144
1.180
1.192
1.268
1.296
1.248
1.220
1.196
1.200
1.180
1.148
1.140
1.144
1.120
1.112
1.132
1.120
1.096
1.108
1.164
1.116
1.168
1.180
1.160
1.164
1.216
1.188
1.140
1.132
1.180
1.164
1.176
1.180
1.160
1.200
1.192
1.176
1.172
1.188
1.192
1.192
1.184
1.188
1.172
1.180
1.176
1.156
1.128
1.136
1.116
1.244
1.216
1.160
1.116
1.084
1.060
1.004
1.004
1.004
1.008
0.996
0.992
0.996
0.992
0.996
1.008
1.016
0.996
1.008
1.044
1.032
1.036
1.132
1.124
1.104
1.140
1.256
1.172
1.192
1.220
1.244
1.240
1.244
1.284
1.292
1.272
1.272
1.260
1.264
1.244
1.260
1.232
1.220
1.184
1.184
1.168
1.140
1.128
1.140
1.160
1.176
1.128
1.104
1.096
1.072
1.084
1.072
1.052
1.068
1.028
1.020
1.020
1.028
1.028
1.024
1.044
1.044
1.072
1.064
1.068
1.112
1.104
1.120
1.156
1.208
1.192
1.228
1.240
1.268
1.272
1.308
1.292
1.304
1.308
1.288
1.252
1.224
1.208
1.200
1.204
1.172
1.192
1.180
1.192
1.176
1.180
1.148
1.136
1.104
1.084
1.052
0.996
1.056
1.060
1.076
1.068
1.196
1.136
1.160
1.148
1.148
1.156
1.136
1.152
1.132
1.108
1.132
1.132
1.136
1.140
1.156
1.164
1.188
1.204
1.220
1.240
1.244
1.240
1.252
1.252
1.244
1.228
1.216
1.208
1.204
1.208
1.196
1.184
1.216
1.212
1.228
1.228
1.220
1.196
1.156
1.132
1.072
1.048
1.040
1.044
1.056
1.060
1.056
1.084
1.044
1.040
1.084
1.064
1.056
1.068
1.076
1.104
1.152
1.164
1.224
1.256
1.236
1.468
1.384
1.308
1.244
1.244
1.232
1.204
1.204
1.196
1.176
1.164
1.152
1.124
1.112
1.100
1.060
1.060
1.080
1.108
1.212
1.136
1.180
1.216
1.224
1.232
1.232
1.224
1.252
1.268
1.208
1.196
1.168
1.148
1.148
1.140
1.120
1.104
1.068
1.048
1.088
1.068
1.076
1.116
1.088
1.120
1.120
1.152
1.164
1.164
1.132
1.124
1.160
1.188
1.240
1.248
1.256
1.240
1.216
1.212
1.212
1.184
1.180
1.164
1.148
1.160
1.148
1.116
1.104
1.080
1.052
1.048
1.048
1.060
1.072
1.092
1.068
1.124
1.116
1.144
1.152
1.240
1.180
1.200
1.220
1.200
1.224
1.284
1.280
1.316
1.300
1.268
1.280
1.244
1.228
1.240
1.188
1.216
1.220
1.148
1.116
1.092
1.072
1.024
0.988
0.996
1.032
1.016
1.044
1.068
1.160
1.052
1.100
1.072
1.096
1.116
1.080
1.100
1.124
1.096
1.076
1.120
1.120
1.116
1.228
1.300
1.268
1.328
1.360
1.364
1.360
1.352
1.324
1.324
1.292
1.268
1.232
1.220
1.216
1.200
1.192
1.164
1.160
1.164
1.136
1.100
1.084
1.040
1.032
1.024
1.044
1.044
1.032
1.040
1.044
1.036
1.060
1.044
1.036
1.056
1.052
1.044
1.108
1.084
1.116
1.264
1.248
1.324
1.348
1.340
1.340
1.332
1.304
1.300
1.272
1.296
1.248
1.232
1.260
1.200
1.212
1.200
1.172
1.184
1.204
1.172
1.156
1.144
1.104
1.116
1.120
1.100
1.148
1.144
1.152
1.168
1.188
1.192
1.224
1.288
1.268
1.280
1.292
1.356
1.292
1.316
1.308
1.320
1.312
1.320
1.308
1.256
1.244
1.220
1.196
1.192
1.184
1.160
1.156
1.176
1.156
1.136
1.172
1.160
1.152
1.144
1.120
1.040
1.048
1.028
1.028
1.004
0.992
0.972
0.972
0.952
0.936
0.940
0.952
0.964
0.976
1.000
1.056
1.168
1.108
1.168
1.188
1.220
1.216
1.220
1.244
1.212
1.224
1.236
1.224
1.200
1.176
1.152
1.120
1.072
1.140
1.172
1.196
1.260
1.280
1.272
1.272
1.280
1.248
1.228
1.220
1.200
1.196
1.200
1.208
1.216
1.252
1.248
1.216
1.248
1.212
1.212
1.204
1.188
1.176
1.152
1.160
1.156
1.152
1.116
1.124
1.128
1.100
1.060
1.088
1.104
1.100
1.160
1.108
1.100
1.112
1.144
1.124
1.112
1.156
1.160
1.240
1.160
1.176
1.288
1.212
1.216
1.200
1.248
1.204
1.236
1.232
1.160
1.168
1.144
1.112
1.080
1.012
1.036
1.044
1.044
1.064
1.036
1.056
1.052
1.044
1.052
1.052
1.056
1.068
1.104
1.112
1.252
1.252
1.236
1.288
1.292
1.280
1.268
1.300
1.296
1.276
1.272
1.264
1.268
1.260
1.272
1.228
1.248
1.252
1.204
1.208
1.220
1.152
1.136
1.080
1.044
1.020
1.048
0.972
0.968
1.120
1.056
1.048
1.044
1.068
1.056
1.056
1.096
1.100
1.076
1.084
1.148
1.176
1.260
1.216
1.244
1.252
1.280
1.328
1.356
1.340
1.320
1.292
1.280
1.248
1.232
1.204
1.184
1.180
1.164
1.160
1.184
1.152
1.128
1.076
1.052
1.044
1.032
1.012
0.992
1.020
1.036
1.024
1.024
1.032
1.040
1.012
1.032
1.016
1.044
1.076
1.064
1.100
1.100
1.112
1.200
1.212
1.184
1.172
1.316
1.244
1.288
1.264
1.252
1.284
1.288
1.276
1.280
1.252
1.256
1.244
1.264
1.276
1.284
1.312
1.312
1.284
1.276
1.272
1.256
1.272
1.240
1.264
1.188
1.200
1.200
1.164
1.164
1.140
1.132
1.088
1.096
1.068
1.068
1.060
1.060
1.060
1.068
1.052
1.088
1.088
1.092
1.200
1.236
1.176
1.204
1.264
1.276
1.316
1.316
1.340
1.336
1.384
1.304
1.268
1.268
1.280
1.248
1.176
1.192
1.164
1.176
1.192
1.176
1.208
1.168
1.188
1.184
1.168
1.168
1.160
1.124
1.132
1.180
1.208
1.200
1.332
1.276
1.272
1.280
1.280
1.280
1.248
1.224
1.216
1.204
1.184
1.196
1.152
1.124
1.060
1.032
1.008
0.992
1.036
1.024
1.016
1.060
1.048
1.064
1.104
1.136
1.160
1.136
1.344
1.240
1.228
1.256
1.252
1.040
1.380
1.208
1.216
1.244
1.212
1.212
1.228
1.192
1.224
1.220
1.212
1.184
1.176
1.152
1.152
1.152
1.140
1.140
1.148
1.184
1.176
1.188
1.204
1.176
1.192
1.168
1.180
1.160
1.180
1.184
1.184
1.152
1.116
1.096
1.084
1.044
1.012
1.000
1.008
0.980
0.992
1.000
1.008
1.000
1.008
1.004
1.004
1.016
1.024
1.020
1.048
1.044
1.032
1.072
1.116
1.124
1.176
1.240
1.180
1.204
1.232
1.268
1.292
1.308
1.316
1.304
1.296
1.276
1.272
1.248
1.224
1.208
1.200
1.224
1.200
1.160
1.172
1.152
1.148
1.168
1.184
1.164
1.160
1.156
1.140
1.152
1.160
1.144
1.156
1.164
1.168
1.156
1.176
1.208
1.236
1.252
1.296
1.284
1.284
1.304
1.288
1.304
1.272
1.216
1.212
1.204
1.156
1.140
1.132
1.084
1.068
1.048
1.036
1.020
1.000
0.980
1.016
1.108
1.136
1.328
1.224
1.228
1.248
1.280
1.268
1.280
1.268
1.268
1.256
1.252
1.244
1.232
1.216
1.180
1.164
1.156
1.144
1.136
1.140
1.120
1.116
1.096
1.056
1.032
1.060
1.024
1.032
1.060
1.028
1.024
1.012
0.988
0.964
1.004
1.064
1.272
1.196
1.248
1.256
1.324
1.328
1.320
1.332
1.304
1.288
1.284
1.244
1.216
1.204
1.192
1.188
1.192
1.192
1.204
1.184
1.188
1.200
1.168
1.156
1.208
1.152
1.116
1.100
1.048
1.032
1.016
1.028
1.000
0.992
0.996
0.992
0.996
0.996
0.992
1.000
1.040
1.024
1.044
1.092
1.076
1.212
1.160
1.168
1.208
1.224
1.224
1.272
1.308
1.256
1.248
1.240
1.212
1.232
1.232
1.244
1.248
1.268
1.268
1.280
1.292
1.320
1.296
1.276
1.256
1.268
1.232
1.212
1.192
1.184
1.196
1.192
1.172
1.192
1.204
1.212
1.212
1.244
1.248
1.248
1.260
1.228
1.248
1.284
1.288
1.276
1.244
1.224
1.228
1.220
1.188
1.172
1.180
1.136
1.108
1.036
0.992
0.984
1.012
1.032
1.008
1.000
1.084
1.028
1.032
1.076
1.048
1.056
1.108
1.076
1.104
1.244
1.184
1.192
1.232
1.240
1.240
1.268
1.272
1.272
1.256
1.260
1.256
1.256
1.284
1.276
1.280
1.328
1.336
1.320
1.324
1.300
1.300
1.284
1.280
1.240
1.204
1.176
1.152
1.140
1.128
1.112
1.112
1.092
1.032
1.068
1.036
1.044
1.032
1.020
1.024
1.020
1.012
1.028
1.044
1.020
1.048
1.108
1.084
1.184
1.204
1.136
1.228
1.232
1.244
1.260
1.304
1.308
1.304
1.312
1.312
1.300
1.300
1.312
1.288
1.276
1.260
1.260
1.236
1.228
1.216
1.192
1.192
1.168
1.184
1.156
1.144
1.160
1.128
1.156
1.140
1.116
1.064
1.040
1.028
1.028
1.044
1.020
1.036
1.100
1.064
1.096
1.152
1.140
1.204
1.240
1.272
1.160
1.140
1.128
1.256
1.252
1.272
1.408
1.280
1.296
1.260
1.252
1.252
1.236
1.216
1.200
1.184
1.168
1.176
1.184
1.160
1.176
1.188
1.180
1.172
1.164
1.140
1.140
1.160
1.132
1.128
1.152
1.116
1.104
1.052
1.024
1.056
1.100
1.060
1.152
1.324
1.196
1.200
1.188
1.184
1.184
1.148
1.148
1.100
1.092
1.104
1.096
1.160
1.164
1.216
1.280
1.224
1.232
1.212
1.232
1.220
1.216
1.224
1.208
1.208
1.212
1.208
1.196
1.208
1.200
1.208
1.220
1.232
1.212
1.228
1.220
1.232
1.232
1.264
1.228
1.220
1.248
1.280
1.320
1.312
1.300
1.312
1.292
1.300
1.288
1.264
1.244
1.260
1.252
1.232
1.244
1.216
1.220
1.160
1.164
1.168
1.176
1.188
1.184
1.192
1.200
1.200
1.192
1.184
1.164
1.136
1.116
1.160
1.176
1.136
1.172
1.152
1.160
1.132
1.152
1.156
1.100
1.096
1.104
1.072
1.068
1.044
1.048
1.036
1.044
1.076
1.068
1.092
1.148
1.096
1.148
1.180
1.120
1.164
1.228
1.168
1.192
1.320
1.196
1.312
1.268
1.272
1.284
1.288
1.276
1.264
1.264
1.232
1.224
1.180
1.176
1.140
1.136
1.132
1.092
1.104
1.068
1.084
1.076
1.072
1.076
1.136
1.140
1.220
1.312
1.240
1.236
1.252
1.240
1.208
1.212
1.244
1.212
1.192
1.148
1.156
1.140
1.148
1.160
1.108
1.104
1.096
1.092
1.064
1.072
1.084
1.008
0.996
0.984
0.968
0.968
0.984
0.968
1.000
1.028
1.008
1.020
1.016
1.008
1.040
1.040
1.040
1.084
1.160
1.100
1.292
1.232
1.256
1.296
1.328
1.368
1.340
1.332
1.340
1.316
1.324
1.320
1.292
1.300
1.304
1.272
1.284
1.276
1.244
1.212
1.256
1.172
1.136
1.064
1.044
1.004
0.972
0.984
0.984
0.980
0.996
0.988
1.016
1.012
1.020
1.048
1.040
1.060
1.096
1.120
1.172
1.168
1.168
1.196
1.140
1.144
1.136
1.092
1.104
1.128
1.112
1.056
1.036
1.120
1.204
1.204
1.356
1.272
1.232
1.236
1.216
1.216
1.192
1.184
1.176
1.172
1.156
1.152
1.176
1.168
1.184
1.200
1.192
1.176
1.212
1.248
1.216
1.224
1.224
1.200
1.224
1.188
1.200
1.188
1.200
1.196
1.176
1.164
1.152
1.164
1.160
1.180
1.188
1.200
1.184
1.200
1.216
1.192
1.192
1.192
1.196
1.184
1.200
1.188
1.160
1.116
1.088
1.076
1.100
1.116
1.168
1.184
1.312
1.212
1.212
1.188
1.184
1.196
1.192
1.204
1.204
1.200
1.180
1.192
1.184
1.224
1.232
1.232
1.224
1.208
1.180
1.160
1.152
1.168
1.228
1.260
1.284
1.308
1.320
1.332
1.340
1.308
1.312
1.316
1.268
1.252
1.248
1.236
1.224
1.228
1.240
1.224
1.188
1.180
1.204
1.204
1.192
1.216
1.192
1.188
1.208
1.200
1.200
1.208
1.204
1.196
1.196
1.220
1.220
1.212
1.220
1.164
1.184
1.204
1.188
1.232
1.248
1.248
1.244
1.244
1.228
1.232
1.228
1.224
1.224
1.204
1.192
1.192
1.184
1.196
1.172
1.172
1.132
1.084
1.068
1.104
1.064
1.060
1.088
1.092
1.152
1.124
1.180
1.152
1.112
1.104
1.052
1.044
1.088
1.164
1.124
1.404
1.300
1.252
1.240
1.232
1.216
1.220
1.204
1.176
1.176
1.180
1.172
1.204
1.212
1.212
1.240
1.252
1.240
1.240
1.232
1.200
1.192
1.204
1.184
1.180
1.168
1.112
1.116
1.156
1.160
1.148
1.172
1.184
1.188
1.132
1.204
1.196
1.236
1.148
1.164
1.184
1.188
1.192
1.164
1.136
1.160
1.192
1.164
1.136
1.228
1.184
1.152
1.156
1.172
1.228
1.208
1.228
1.208
1.192
1.224
1.224
1.268
1.160
1.192
1.152
1.144
1.144
1.108
1.128
1.136
1.100
1.080
1.064
1.120
1.092
1.040
1.068
1.060
1.044
1.080
1.108
1.088
1.100
1.172
1.128
1.124
1.132
1.096
1.076
1.040
1.040
1.180
1.192
1.168
1.136
1.180
1.092
1.112
1.172
1.104
1.140
1.124
1.128
1.248
1.152
1.300
1.232
1.208
1.228
1.188
1.160
1.148
1.148
1.156
1.124
1.048
1.052
1.076
1.016
1.036
1.048
1.040
1.040
1.040
1.036
1.064
1.064
1.068
1.096
1.076
1.060
1.076
1.064
1.064
1.068
1.100
1.192
1.084
1.084
1.036
1.004
1.032
1.128
1.112
1.260
1.224
1.196
1.188
1.176
1.128
1.116
1.128
1.116
1.128
1.156
1.096
1.124
1.252
1.156
1.124
1.228
1.088
1.120
1.172
1.144
1.148
1.132
1.116
1.160
1.144
1.172
1.284
1.252
1.244
1.216
1.228
1.240
1.208
1.192
1.224
1.200
1.184
1.184
1.168
1.160
1.164
1.132
1.100
1.076
1.040
1.020
1.040
1.040
1.028
1.052
1.068
1.072
1.096
1.088
1.052
1.080
1.080
1.040
1.076
1.084
1.096
1.128
1.260
1.284
1.268
1.312
1.320
1.264
1.268
1.264
1.248
1.216
1.208
1.180
1.164
1.172
1.164
1.164
1.116
1.096
1.108
1.076
1.092
1.116
1.084
1.116
1.136
1.068
1.040
1.056
1.056
1.040
1.048
1.068
1.028
1.020
1.016
1.012
1.024
0.996
0.988
1.008
1.016
1.004
1.012
1.036
1.020
1.060
1.164
1.132
1.224
1.140
1.172
1.180
1.204
1.196
1.204
1.188
1.192
1.188
1.208
1.224
1.228
1.244
1.252
1.240
1.252
1.216
1.220
1.216
1.196
1.200
1.192
1.180
1.192
1.160
1.148
1.144
1.144
1.148
1.112
1.048
1.052
1.060
1.028
1.012
0.992
0.980
0.964
0.972
0.972
0.980
0.972
0.976
0.988
0.984
0.992
0.992
0.976
0.996
0.996
0.996
1.020
1.036
1.064
1.148
1.264
1.244
1.244
1.276
1.300
1.304
1.284
1.276
1.264
1.264
1.276
1.256
1.284
1.300
1.280
1.272
1.272
1.244
1.224
1.224
1.224
1.212
1.204
1.236
1.200
1.184
1.224
1.156
1.132
1.136
1.116
1.112
1.080
1.036
1.016
0.992
0.972
0.948
0.928
0.924
0.928
0.968
1.032
1.016
1.148
1.092
1.064
1.060
1.044
1.068
1.104
1.204
1.240
1.192
1.216
1.208
1.212
1.208
1.196
1.180
1.196
1.196
1.228
1.256
1.256
1.324
1.308
1.340
1.336
1.332
1.304
1.288
1.300
1.260
1.220
1.200
1.196
1.192
1.156
1.152
1.172
1.152
1.132
1.132
1.160
1.156
1.120
1.136
1.120
1.132
1.160
1.148
1.136
1.124
1.116
1.108
1.088
1.072
1.108
1.108
1.072
1.092
1.072
1.052
1.136
1.140
1.248
1.268
1.236
1.256
1.248
1.268
1.296
1.308
1.272
1.312
1.308
1.292
1.264
1.304
1.268
1.220
1.232
1.236
1.188
1.164
1.140
1.136
1.104
1.040
1.048
1.028
1.056
1.040
1.068
1.068
1.060
1.124
1.092
1.132
1.168
1.184
1.228
1.216
1.240
1.208
1.244
1.292
1.248
1.268
1.272
1.268
1.276
1.272
1.272
1.252
1.260
1.244
1.236
1.228
1.220
1.240
1.240
1.236
1.280
1.280
1.288
1.276
1.244
1.236
1.240
1.200
1.184
1.164
1.144
1.144
1.116
1.100
1.092
1.052
1.028
1.048
1.048
1.044
1.056
1.076
1.064
1.116
1.148
1.104
1.168
1.312
1.176
1.248
1.192
1.180
1.288
1.284
1.276
1.296
1.300
1.344
1.328
1.328
1.348
1.364
1.344
1.332
1.308
1.292
1.276
1.268
1.244
1.212
1.168
1.208
1.196
1.144
1.080
1.052
1.012
1.052
1.052
1.000
1.032
1.028
1.004
1.008
1.004
1.000
1.016
1.032
1.024
1.064
1.116
1.100
1.256
1.280
1.232
1.272
1.292
1.296
1.300
1.304
1.312
1.336
1.348
1.368
1.364
1.376
1.368
1.356
1.364
1.396
1.360
1.420
1.436
1.400
1.388
1.388
1.344
1.272
1.220
1.220
1.200
1.208
1.212
1.200
1.180
1.168
1.120
1.092
1.064
1.036
1.052
1.064
1.048
1.084
1.076
1.064
1.104
1.144
1.220
1.292
1.296
1.316
1.352
1.356
1.320
1.364
1.284
1.176
1.104
1.120
1.144
1.176
1.264
1.208
1.204
1.180
1.168
1.184
1.132
1.092
1.080
1.052
1.060
1.100
1.064
1.080
1.080
1.096
1.128
1.328
1.252
1.260
1.276
1.320
1.316
1.280
1.296
1.304
1.296
1.276
1.260
1.256
1.228
1.204
1.212
1.204
1.152
1.168
1.136
1.048
1.052
1.064
1.012
1.044
1.020
1.016
1.032
1.016
1.024
1.044
1.028
1.052
1.108
1.076
1.172
1.316
1.236
1.276
1.320
1.352
1.360
1.396
1.388
1.380
1.364
1.384
1.364
1.324
1.284
1.316
1.284
1.260
1.236
1.240
1.232
1.212
1.196
1.176
1.184
1.164
1.144
1.124
1.104
1.080
1.036
1.016
0.984
0.976
0.960
0.960
0.940
0.944
0.968
0.980
1.008
1.020
1.108
1.064
1.104
1.148
1.120
1.060
1.052
1.044
1.096
1.204
1.156
1.180
1.204
1.188
1.204
1.196
1.208
1.212
1.200
1.208
1.236
1.264
1.268
1.284
1.296
1.304
1.304
1.256
1.244
1.232
1.200
1.188
1.172
1.164
1.180
1.180
1.132
1.084
1.024
1.004
0.988
1.028
1.000
1.004
1.004
0.992
0.992
0.996
0.976
0.996
1.016
1.008
1.044
1.076
1.080
1.156
1.160
1.268
1.228
1.252
1.252
1.292
1.344
1.368
1.348
1.332
1.332
1.352
1.356
1.412
1.368
1.300
1.256
1.244
1.236
1.228
1.240
1.240
1.244
1.276
1.260
1.284
1.280
1.268
1.308
1.324
1.316
1.280
1.264
1.228
1.216
1.244
1.204
1.176
1.168
1.152
1.140
1.104
1.088
1.064
1.024
0.976
0.980
0.960
1.000
1.004
0.996
1.012
1.028
1.036
1.068
1.056
1.072
1.096
1.100
1.104
1.204
1.204
1.148
1.284
1.252
1.240
1.284
1.276
1.256
1.268
1.276
1.280
1.296
1.284
1.284
1.272
1.268
1.264
1.260
1.248
1.236
1.236
1.252
1.252
1.272
1.292
1.328
1.232
1.180
1.164
1.092
1.088
1.184
1.084
1.200
1.096
1.112
1.072
1.080
1.088
1.096
1.076
1.116
1.116
1.144
1.180
1.316
1.160
1.320
1.224
1.236
1.244
1.256
1.260
1.252
1.256
1.220
1.224
1.232
1.248
1.240
1.260
1.260
1.260
1.292
1.280
1.300
1.304
1.272
1.232
1.236
1.220
1.208
1.220
1.192
1.164
1.132
1.104
1.096
1.100
1.036
1.032
1.032
1.016
1.024
1.028
1.008
1.028
1.032
1.028
1.060
1.088
1.068
1.100
1.128
1.124
1.308
1.252
1.228
1.272
1.276
1.288
1.300
1.304
1.316
1.308
1.316
1.312
1.332
1.304
1.268
1.284
1.272
1.272
1.288
1.304
1.324
1.280
1.260
1.260
1.244
1.208
1.212
1.192
1.172
1.164
1.172
1.180
1.180
1.168
1.148
1.112
1.068
1.032
1.028
1.024
1.024
1.012
1.000
1.024
1.040
1.020
1.000
0.992
1.008
1.032
1.088
1.104
1.092
1.124
1.156
1.120
1.148
1.124
1.140
1.172
1.144
1.256
1.164
1.240
1.296
1.220
1.208
1.204
1.200
1.192
1.196
1.196
1.184
1.172
1.136
1.148
1.156
1.200
1.184
1.272
1.188
1.204
1.212
1.228
1.232
1.228
1.228
1.168
1.124
1.012
1.028
1.068
1.132
1.080
1.124
1.372
1.236
1.232
1.208
1.208
1.216
1.176
1.148
1.144
1.128
1.144
1.112
1.100
1.084
1.192
1.128
1.140
1.116
1.132
1.092
1.088
1.128
1.080
1.084
1.104
1.052
1.040
1.060
1.112
1.100
1.120
1.116
1.148
1.260
1.360
1.284
1.272
1.264
1.268
1.252
1.236
1.232
1.228
1.212
1.212
1.196
1.176
1.180
1.172
1.100
1.048
1.068
1.052
1.128
1.100
1.108
1.164
1.144
1.144
1.208
1.144
1.196
1.136
1.148
1.124
1.120
1.180
1.128
1.168
1.212
1.180
1.196
1.204
1.216
1.356
1.208
1.308
1.280
1.264
1.280
1.252
1.248
1.236
1.220
1.228
1.220
1.224
1.232
1.220
1.216
1.224
1.224
1.236
1.224
1.224
1.220
1.196
1.220
1.184
1.184
1.160
1.148
1.120
1.100
1.060
1.072
1.072
1.064
1.148
1.152
1.104
1.172
1.212
1.148
1.212
1.184
1.204
1.212
1.140
1.132
1.128
1.144
1.192
1.152
1.184
1.260
1.148
1.176
1.200
1.156
1.176
1.308
1.204
1.220
1.212
1.168
1.184
1.216
1.156
1.212
1.224
1.176
1.236
1.272
1.228
1.180
1.200
1.256
1.156
1.180
1.268
1.176
1.200
1.192
1.188
1.184
1.100
1.104
1.128
1.092
1.088
1.108
1.044
1.064
1.108
1.096
1.100
1.136
1.108
1.128
1.148
1.092
1.116
1.112
1.096
1.112
1.144
1.116
1.168
1.188
1.228
1.232
1.292
1.224
1.240
1.276
1.292
1.284
1.296
1.324
1.280
1.276
1.244
1.212
1.160
1.156
1.164
1.160
1.164
1.116
1.112
1.068
1.084
1.076
1.068
1.068
1.088
1.052
1.068
1.116
1.084
1.096
1.100
1.144
1.180
1.132
1.172
1.156
1.156
1.188
1.212
1.232
1.180
1.232
1.208
1.180
1.152
1.176
1.168
1.156
1.164
1.144
1.140
1.256
1.312
1.300
1.292
1.300
1.292
1.260
1.248
1.228
1.188
1.184
1.172
1.164
1.148
1.128
1.132
1.076
1.012
1.028
1.032
1.020
1.024
1.028
1.028
1.032
1.032
1.020
1.052
1.076
1.076
1.108
1.108
1.108
1.156
1.148
1.148
1.172
1.148
1.164
1.220
1.152
1.176
1.180
1.160
1.256
1.276
1.232
1.260
1.292
1.224
1.260
1.272
1.232
1.212
1.208
1.188
1.172
1.192
1.200
1.228
1.224
1.216
1.220
1.180
1.180
1.168
1.156
1.148
1.140
1.072
1.056
1.072
1.032
1.040
1.044
1.032
1.052
1.068
1.068
1.076
1.080
1.116
1.156
1.132
1.176
1.172
1.164
1.228
1.268
1.224
1.232
1.236
1.240
1.228
1.220
1.232
1.220
1.220
1.224
1.140
1.144
1.132
1.176
1.172
1.176
1.184
1.200
1.228
1.220
1.224
1.244
1.272
1.260
1.244
1.276
1.276
1.228
1.212
1.160
1.156
1.168
1.124
1.116
1.108
1.048
1.040
1.044
1.028
1.024
1.036
1.040
1.024
1.012
1.020
1.048
1.056
1.084
1.132
1.172
1.156
1.160
1.212
1.208
1.220
1.224
1.228
1.228
1.228
1.228
1.228
1.264
1.248
1.224
1.228
1.240
1.192
1.204
1.216
1.216
1.208
1.192
1.192
1.192
1.196
1.176
1.156
1.160
1.176
1.192
1.220
1.224
1.216
1.220
1.224
1.212
1.208
1.188
1.164
1.156
1.164
1.128
1.112
1.104
1.040
1.036
1.028
0.992
1.012
1.020
1.020
1.040
1.072
1.096
1.128
1.124
1.124
1.152
1.228
1.124
1.164
1.276
1.188
1.196
1.236
1.256
1.268
1.264
1.304
1.312
1.272
1.216
1.224
1.208
1.192
1.200
1.192
1.168
1.172
1.188
1.144
1.120
1.148
1.092
1.112
1.112
1.088
1.096
1.108
1.076
1.104
1.120
1.080
1.108
1.100
1.136
1.132
1.128
1.168
1.156
1.160
1.144
1.208
1.236
1.152
1.156
1.136
1.144
1.204
1.184
1.324
1.232
1.232
1.212
1.220
1.188
1.176
1.188
1.172
1.144
1.120
1.124
1.084
1.060
1.008
0.992
0.988
0.988
0.984
0.980
0.984
0.984
0.992
1.000
1.008
1.032
1.048
1.024
1.024
1.044
1.080
1.108
1.236
1.152
1.192
1.188
1.120
1.164
1.236
1.184
1.200
1.116
1.160
1.300
1.204
1.228
1.224
1.220
1.240
1.248
1.228
1.232
1.212
1.196
1.192
1.224
1.220
1.184
1.200
1.236
1.228
1.284
1.260
1.256
1.244
1.232
1.208
1.172
1.176
1.164
1.148
1.140
1.128
1.116
1.052
1.040
0.972
0.972
1.076
1.024
1.004
1.012
0.984
0.988
0.988
0.984
0.996
0.988
0.984
1.008
1.012
1.020
1.132
1.076
1.124
1.288
1.228
1.272
1.304
1.320
1.312
1.284
1.312
1.192
1.124
1.184
1.272
1.236
1.236
1.244
1.228
1.212
1.184
1.196
1.200
1.180
1.188
1.192
1.176
1.168
1.176
1.152
1.180
1.172
1.168
1.160
1.196
1.208
1.212
1.212
1.228
1.188
1.184
1.196
1.192
1.180
1.192
1.196
1.196
1.220
1.204
1.236
1.220
1.208
1.208
1.224
1.208
1.196
1.180
1.196
1.192
1.172
1.164
1.188
1.160
1.152
1.152
1.152
1.136
1.132
1.168
1.168
1.160
1.188
1.176
1.156
1.164
1.164
1.136
1.160
1.184
1.180
1.176
1.228
1.240
1.264
1.272
1.300
1.252
1.248
1.260
1.252
1.212
1.220
1.220
1.224
1.208
1.204
1.196
1.208
1.220
1.220
1.228
1.228
1.192
1.216
1.200
1.184
1.188
1.136
1.144
1.136
1.124
1.136
1.072
1.040
1.076
1.116
1.088
1.072
1.112
1.092
1.108
1.072
1.080
1.144
1.172
1.236
1.288
1.228
1.236
1.308
1.264
1.272
1.268
1.272
1.264
1.272
1.280
1.272
1.264
1.268
1.256
1.216
1.212
1.236
1.244
1.236
1.232
1.268
1.252
1.240
1.224
1.228
1.216
1.212
1.212
1.160
1.100
1.044
1.008
1.032
1.040
1.068
1.016
1.024
1.064
1.060
1.056
1.088
1.060
1.088
1.128
1.072
1.104
1.124
1.060
1.060
1.100
1.136
1.288
1.260
1.248
1.252
1.260
1.232
1.240
1.236
1.228
1.228
1.264
1.276
1.248
1.256
1.288
1.300
1.316
1.376
1.332
1.340
1.352
1.288
1.288
1.284
1.308
1.556
1.428
1.244
1.196
1.180
1.180
1.156
1.116
1.124
1.076
1.072
1.148
1.096
1.060
1.104
1.108
1.108
1.100
1.068
1.064
1.116
1.084
1.088
1.136
1.064
1.056
1.076
1.036
1.032
1.088
1.072
1.156
1.140
1.216
1.148
1.316
1.148
1.152
1.144
1.128
1.140
1.112
1.096
1.088
1.064
1.128
1.144
1.252
1.244
1.356
1.288
1.264
1.252
1.212
1.208
1.160
1.108
1.044
1.004
0.996
0.940
0.956
1.028
1.056
1.096
1.232
1.320
1.216
1.184
1.184
1.192
1.164
1.176
1.168
1.176
1.180
1.212
1.248
1.260
1.280
1.264
1.252
1.264
1.240
1.260
1.272
1.276
1.268
1.272
1.264
1.268
1.300
1.296
1.300
1.312
1.352
1.312
1.276
1.256
1.244
1.208
1.180
1.176
1.176
1.152
1.144
1.088
1.068
1.068
1.080
1.080
1.096
1.080
1.076
1.112
1.108
1.332
1.236
1.256
1.292
1.296
1.308
1.316
1.300
1.296
1.300
1.292
1.296
1.308
1.284
1.344
1.248
1.276
1.232
1.264
1.264
1.304
1.344
1.308
1.316
1.304
1.308
1.316
1.320
1.316
1.324
1.288
1.252
1.240
1.224
1.228
1.252
1.244
1.224
1.208
1.172
1.172
1.148
1.128
1.136
1.112
1.132
1.132
1.104
1.112
1.184
1.228
1.212
1.252
1.256
1.236
1.240
1.248
1.232
1.224
1.196
1.184
1.172
1.176
1.172
1.184
1.200
1.200
1.192
1.220
1.216
1.204
1.220
1.216
1.216
1.200
1.212
1.204
1.220
1.208
1.216
1.220
1.208
1.204
1.204
1.176
1.176
1.192
1.172
1.168
1.176
1.164
1.148
1.176
1.128
1.120
1.132
1.116
1.144
1.136
1.092
1.116
1.084
1.100
1.112
1.088
1.080
1.064
1.044
1.036
1.088
1.080
1.092
1.220
1.124
1.188
1.160
1.132
1.120
1.136
1.088
1.072
1.104
1.068
1.080
1.100
1.084
1.100
1.192
1.144
1.188
1.152
1.180
1.176
1.172
1.256
1.156
1.216
1.148
1.168
1.248
1.308
1.124
1.076
1.048
1.064
1.020
1.044
1.024
1.004
1.004
1.004
1.052
1.024
1.004
1.020
1.004
1.000
1.020
1.016
1.032
1.076
1.060
1.100
1.120
1.184
1.200
1.320
1.248
1.288
1.296
1.316
1.332
1.328
1.328
1.328
1.332
1.344
1.332
1.288
1.288
1.264
1.232
1.240
1.200
1.196
1.196
1.204
1.188
1.248
1.152
1.152
1.140
1.108
1.108
1.064
1.024
1.008
0.996
0.984
0.988
0.972
0.996
1.020
1.012
1.048
1.152
1.068
1.168
1.280
1.220
1.252
1.328
1.332
1.332
1.356
1.332
1.348
1.328
1.264
1.188
1.132
1.056
1.096
1.152
1.140
1.172
1.168
1.332
1.248
1.224
1.192
1.180
1.212
1.196
1.184
1.172
1.192
1.168
1.192
1.160
1.092
1.068
1.064
1.056
1.076
1.208
1.132
1.112
1.156
1.120
1.116
1.112
1.164
1.176
1.184
1.184
1.208
1.212
1.156
1.168
1.148
1.236
1.120
1.200
1.164
1.164
1.148
1.132
1.252
1.132
1.156
1.144
1.340
1.320
1.276
1.284
1.160
1.404
1.284
1.304
1.260
1.244
1.200
1.220
1.224
1.212
1.192
1.228
1.208
1.192
1.152
1.048
0.992
0.976
0.972
1.008
1.032
1.228
1.208
1.260
1.192
1.160
1.104
1.052
1.084
1.108
1.152
1.180
1.252
1.368
1.300
1.316
1.304
1.292
1.248
1.228
1.208
1.216
1.228
1.236
1.236
1.232
1.232
1.248
1.240
1.240
1.240
1.232
1.236
1.248
1.232
1.236
1.200
1.192
1.192
1.184
1.168
1.216
1.216
1.208
1.208
1.268
1.224
1.216
1.216
1.196
1.192
1.204
1.160
1.168
1.136
1.108
1.084
1.068
1.096
1.084
1.272
1.196
1.220
1.212
1.200
1.216
1.220
1.184
1.172
1.148
1.120
1.096
1.100
1.092
1.132
1.160
1.152
1.180
1.184
1.200
1.204
1.192
1.188
1.212
1.200
1.192
1.208
1.212
1.200
1.192
1.204
1.220
1.204
1.188
1.180
1.180
1.168
1.180
1.224
1.240
1.220
1.212
1.192
1.196
1.180
1.192
1.168
1.176
1.160
1.140
1.132
1.124
1.116
1.140
1.232
1.200
1.188
1.160
1.136
1.140
1.144
1.148
1.180
1.196
1.212
1.196
1.216
1.172
1.216
1.264
1.360
1.240
1.236
1.260
1.220
1.224
1.220
1.192
1.192
1.180
1.156
1.124
1.112
1.072
1.072
1.024
1.036
1.064
1.016
1.048
1.048
1.032
1.052
1.036
1.036
1.084
1.060
1.076
1.120
1.072
1.104
1.248
1.140
1.312
1.224
1.232
1.240
1.248
1.224
1.212
1.220
1.212
1.200
1.208
1.204
1.232
1.208
1.204
1.204
1.172
1.152
1.128
1.056
1.044
1.040
1.028
1.048
1.032
1.016
1.036
1.040
1.016
1.044
1.088
1.080
1.096
1.104
1.148
1.096
1.108
1.152
1.068
1.052
1.088
1.100
1.076
1.080
1.120
1.096
1.108
1.104
1.068
1.124
1.072
1.064
1.096
1.128
1.196
1.272
1.284
1.236
1.208
1.220
1.196
1.188
1.188
1.180
1.128
1.084
1.072
1.012
1.032
1.032
1.024
1.060
1.064
1.044
1.068
1.068
1.076
1.060
1.076
1.100
1.068
1.100
1.076
1.048
1.080
1.096
1.128
1.084
1.120
1.124
1.092
1.112
1.096
1.092
1.140
1.072
1.136
1.272
1.136
1.184
1.140
1.144
1.108
1.136
1.124
1.096
1.084
1.144
1.080
1.060
1.052
1.064
1.080
1.028
1.044
1.100
1.072
1.040
1.048
1.092
1.056
1.056
1.152
1.128
1.132
1.084
1.092
1.136
1.156
1.104
1.164
1.144
1.064
1.036
1.044
1.048
1.056
1.052
1.088
1.036
1.040
1.076
1.048
