1.152
0.952
1.012
1.016
0.904
0.856
0.888
0.928
0.896
0.872
0.828
0.856
0.892
0.828
0.772
0.792
0.888
0.812
0.904
1.096
1.088
0.996
0.916
0.916
0.932
0.880
0.776
0.752
0.736
0.720
0.752
0.764
0.788
0.800
0.772
0.728
0.700
0.700
0.672
0.684
0.712
0.784
0.836
0.884
0.932
0.956
0.832
0.848
0.880
0.936
0.980
0.976
0.868
0.840
0.920
1.044
1.084
0.968
0.916
1.024
1.080
1.072
0.912
0.916
0.960
1.056
1.064
0.920
0.948
1.092
1.096
1.088
0.920
0.896
0.888
0.928
0.868
0.752
0.760
0.748
0.884
1.120
0.992
0.900
0.816
0.820
0.816
0.832
0.768
0.788
0.900
0.972
0.908
0.932
0.948
0.972
0.924
0.888
0.832
0.848
0.888
0.880
0.968
1.048
1.068
1.056
1.020
0.984
0.956
0.992
0.984
0.884
0.872
0.956
1.080
1.040
0.920
0.864
0.924
1.036
1.028
0.980
0.984
0.984
0.916
0.820
0.820
0.872
0.840
0.892
1.128
1.104
1.088
1.040
0.900
0.872
0.980
1.092
1.092
1.020
0.968
1.072
1.124
1.108
1.092
1.064
1.068
1.092
1.052
1.012
1.004
1.004
0.932
0.964
1.040
1.080
1.036
1.060
1.048
0.940
0.940
1.008
0.984
0.952
1.044
1.068
0.944
0.960
1.084
1.088
1.020
1.044
1.048
1.000
1.048
1.048
0.940
0.968
1.040
1.088
0.996
1.016
1.036
1.028
0.960
0.996
1.040
0.920
0.964
1.004
0.980
0.900
0.960
1.008
0.960
0.928
1.032
1.080
1.008
0.916
0.972
1.028
1.016
0.908
0.948
1.032
1.048
0.956
0.920
0.988
1.044
1.012
0.916
0.992
1.056
1.044
0.944
0.984
1.032
1.028
1.004
0.912
0.988
1.052
1.056
0.924
0.956
1.064
1.080
0.916
0.828
0.816
1.296
1.164
1.044
1.032
1.116
1.092
1.092
0.972
0.960
0.988
1.000
1.008
1.044
1.032
0.976
1.004
1.008
0.960
1.044
1.044
0.952
0.972
1.044
0.952
0.972
1.112
1.088
0.992
1.064
1.060
1.000
0.952
0.984
1.044
0.996
0.892
0.956
1.120
1.024
0.976
1.092
1.112
0.984
0.976
1.048
1.072
1.056
0.980
1.004
1.052
1.072
0.964
1.024
1.080
1.060
0.952
0.972
1.048
1.040
0.960
1.044
1.076
1.060
1.020
1.028
1.040
0.992
1.064
0.996
0.900
0.868
0.920
1.072
1.028
0.976
1.044
1.032
1.024
1.012
1.008
1.012
0.988
0.840
0.844
0.896
1.020
1.024
0.944
0.984
1.064
1.044
0.936
0.880
0.948
1.084
1.040
0.892
0.864
0.796
0.808
1.092
1.068
1.012
1.080
1.108
1.096
1.016
0.984
1.020
1.044
0.992
0.912
0.932
0.984
0.940
1.040
1.048
0.964
1.016
1.068
1.056
0.932
0.976
1.052
1.000
0.912
1.060
1.112
1.004
1.052
1.096
1.068
1.052
1.088
1.056
1.004
1.068
1.056
0.952
1.032
1.072
1.024
1.044
1.028
0.916
0.948
1.036
1.052
0.960
0.984
1.040
1.036
0.980
1.036
1.064
1.016
1.044
1.040
0.976
0.996
0.984
0.884
0.940
1.088
1.020
0.960
1.036
1.060
0.956
0.968
0.988
0.948
0.864
0.940
1.068
0.964
0.972
1.048
1.068
0.972
1.024
1.028
1.008
1.024
1.028
0.984
1.020
1.048
1.036
1.044
0.996
0.988
1.000
0.972
0.864
0.872
0.960
0.988
0.956
1.000
1.012
0.892
0.944
1.032
0.984
1.064
1.072
0.976
1.024
1.064
0.980
0.972
0.996
0.960
0.996
1.028
0.948
0.984
1.048
0.952
0.988
1.036
0.952
0.964
1.016
0.884
0.896
1.052
1.096
0.956
0.968
1.092
1.092
1.080
0.968
0.940
1.012
1.056
0.848
0.768
0.776
0.876
1.168
1.092
0.912
0.832
1.024
1.164
1.120
1.088
1.060
1.028
1.056
1.068
1.048
1.012
0.856
0.876
0.976
1.044
0.936
0.920
1.040
1.092
1.048
1.000
1.040
1.044
1.004
1.056
1.052
0.992
1.044
1.064
1.068
0.960
0.940
0.980
1.072
0.948
1.004
1.120
1.088
0.984
1.036
1.044
1.036
1.020
0.968
0.908
0.828
0.824
0.868
1.020
0.940
1.020
0.976
0.952
1.016
1.008
1.004
0.964
0.852
0.812
0.864
0.836
0.932
1.100
1.080
0.964
0.900
0.940
1.000
1.044
1.064
0.944
1.012
1.072
1.068
1.040
1.052
0.984
1.012
1.032
0.940
0.892
0.976
1.068
1.080
1.004
0.936
0.964
0.996
0.944
1.008
1.068
1.040
0.932
1.004
1.096
1.052
1.028
0.960
1.036
1.048
1.004
0.968
1.012
1.012
0.932
0.892
0.968
1.036
1.048
0.936
0.968
1.028
1.044
0.984
1.008
1.036
0.920
0.972
1.060
1.060
1.008
1.004
1.016
1.008
0.936
0.988
1.044
1.004
1.004
0.968
0.928
0.968
1.048
0.964
1.012
1.028
0.972
1.064
1.080
0.964
0.988
1.064
1.052
0.976
1.020
1.028
0.944
0.892
0.928
1.048
1.008
1.052
1.044
1.060
0.988
0.972
0.972
1.024
0.932
0.912
0.916
0.936
0.868
0.852
0.896
1.008
1.040
0.936
0.916
0.960
1.012
1.048
1.004
0.972
0.932
0.960
1.024
0.896
0.812
0.832
0.840
1.028
1.136
1.024
1.116
1.100
0.996
0.996
1.000
0.924
0.848
0.840
0.908
0.812
0.872
1.092
1.088
0.980
1.012
1.068
1.076
1.048
0.980
1.028
1.032
0.984
1.052
1.092
1.000
1.056
1.080
1.072
0.988
1.012
1.048
0.996
1.044
1.052
0.992
0.976
1.016
1.056
1.000
0.988
1.052
1.080
1.004
0.936
0.980
1.024
1.008
0.924
0.976
1.048
1.016
0.912
0.976
1.060
1.084
1.060
0.984
1.032
1.052
0.948
0.972
1.000
1.064
1.036
1.012
1.072
1.084
0.996
0.996
1.012
1.000
0.936
1.020
1.048
1.012
1.016
1.004
1.000
0.900
0.876
0.940
1.044
0.904
1.008
1.084
1.064
0.984
1.012
1.072
1.072
0.960
0.976
0.996
1.008
0.952
0.952
1.016
0.924
0.912
0.916
0.852
0.896
0.992
1.004
0.912
0.976
1.032
0.988
0.912
0.996
1.072
1.060
1.024
1.044
1.044
0.900
0.908
0.980
1.048
0.944
1.000
1.076
0.944
0.916
0.812
0.784
0.864
1.084
0.956
1.012
1.084
1.064
0.960
1.008
0.968
0.972
1.024
1.028
1.036
0.940
0.928
1.028
1.072
1.072
1.076
0.964
0.996
0.960
0.980
0.980
1.012
1.020
1.036
1.052
1.064
0.960
0.952
0.928
0.936
0.884
0.932
1.060
1.020
1.012
0.996
0.952
0.940
0.920
0.828
0.780
0.772
0.840
1.184
1.116
1.076
1.068
1.124
1.096
0.976
1.024
1.044
1.024
1.016
0.956
0.980
1.016
0.908
0.884
0.940
1.036
0.952
1.032
1.048
1.048
1.052
0.956
0.976
1.024
0.960
0.952
0.976
1.000
0.920
0.944
0.960
1.000
0.884
0.884
0.924
0.892
0.956
0.964
1.008
1.004
0.908
0.876
0.904
0.932
0.964
0.984
0.988
0.908
0.940
0.996
0.980
0.908
0.876
0.912
0.988
0.900
1.024
1.068
1.052
0.964
1.024
1.076
1.076
1.028
1.052
1.020
0.960
0.976
1.032
1.028
0.988
0.948
0.964
0.968
0.868
0.888
0.988
1.016
0.896
0.896
0.920
0.952
0.920
0.920
0.964
0.976
0.952
0.892
0.904
0.976
0.976
0.956
0.980
1.012
1.012
0.904
0.932
0.908
1.048
1.108
1.032
0.980
0.972
0.972
0.900
0.904
0.908
0.868
0.904
1.004
0.996
0.924
0.988
1.036
1.056
1.016
1.000
0.920
0.976
1.052
1.044
1.064
1.088
1.016
0.992
1.060
1.048
0.944
1.004
1.084
1.104
0.988
0.988
1.020
1.060
0.988
1.000
1.048
1.040
0.940
0.956
1.020
1.044
1.004
1.060
1.080
0.976
1.012
1.052
1.048
1.048
0.956
1.004
1.048
1.044
0.980
0.972
0.952
0.892
0.936
0.964
0.948
0.900
1.000
1.056
0.952
0.956
0.980
0.960
0.956
0.952
0.876
0.848
0.884
0.984
0.936
0.968
1.032
1.040
0.960
0.948
1.008
1.028
0.956
0.960
0.992
0.984
0.984
1.008
1.040
0.972
1.016
1.076
1.024
0.952
0.944
0.904
1.012
1.072
1.064
0.972
1.024
1.076
1.060
0.960
1.004
1.020
0.944
0.908
0.996
1.060
0.912
0.820
0.888
0.980
1.076
1.104
1.096
0.988
0.952
0.964
1.008
1.004
1.008
0.908
1.008
1.112
1.112
0.984
1.068
1.084
1.044
0.944
1.020
1.068
1.024
0.936
1.100
1.136
1.112
1.040
1.112
1.024
1.024
1.024
1.044
0.988
1.016
1.024
0.948
1.008
1.116
1.124
1.100
1.052
1.056
1.044
0.948
0.956
1.012
1.028
0.980
1.016
1.064
0.988
0.964
1.000
1.068
0.992
0.976
1.024
0.920
0.904
1.024
0.988
0.944
1.020
1.056
0.968
0.976
1.028
0.984
0.908
1.012
1.076
0.996
0.948
1.012
1.036
0.912
0.992
0.988
1.044
1.036
0.956
0.936
0.980
1.036
1.040
1.036
1.080
1.152
1.036
1.028
1.076
1.060
1.056
1.040
0.996
0.888
0.916
0.804
0.780
0.908
1.092
0.972
1.024
1.096
1.060
1.032
1.020
0.960
1.040
1.048
1.036
1.052
0.944
1.016
1.064
1.012
0.940
1.052
1.072
0.976
1.044
1.076
1.012
0.920
0.964
1.052
1.016
0.948
1.080
1.092
0.964
1.004
1.084
1.072
0.976
1.048
0.984
1.012
1.084
1.040
0.880
0.804
0.824
0.820
0.900
1.132
1.132
1.032
1.056
1.068
1.024
0.964
0.932
0.924
0.856
1.028
1.176
1.128
0.952
0.904
1.108
1.048
1.024
1.040
0.932
1.008
1.124
1.096
1.092
1.080
1.008
0.996
1.064
1.084
1.080
0.960
1.020
1.044
1.024
0.976
1.032
1.048
0.972
1.052
1.056
0.964
0.992
1.008
0.964
0.964
1.008
1.012
0.940
0.960
1.016
0.868
0.876
1.000
1.036
0.984
1.004
1.000
0.920
0.972
1.036
1.012
0.972
0.972
0.968
0.912
0.948
0.988
0.956
0.908
1.044
1.092
1.092
1.064
1.040
1.064
1.048
1.052
1.040
1.032
0.944
0.940
0.960
1.000
0.928
0.940
1.012
1.032
0.916
0.920
0.968
1.032
0.912
0.932
1.044
1.036
0.932
0.952
1.040
1.036
0.956
1.008
1.076
1.060
0.968
1.024
1.060
1.040
1.008
1.068
1.060
0.976
1.024
1.044
1.008
1.004
1.052
1.024
1.004
1.044
1.036
0.972
0.992
1.024
1.004
0.984
1.016
1.024
0.972
1.032
1.052
0.984
1.008
1.036
1.048
0.996
1.024
1.048
1.040
0.968
1.020
1.052
0.992
0.964
1.028
1.056
0.988
1.028
1.064
1.008
0.888
0.944
1.048
1.032
0.984
1.028
1.052
0.960
0.988
1.028
0.952
0.948
1.024
1.048
0.976
0.976
1.016
1.024
1.016
1.072
1.076
0.964
1.036
1.092
1.028
0.944
1.036
1.036
0.988
1.004
1.028
0.980
1.012
1.036
1.024
0.948
0.980
1.040
1.004
0.932
0.988
1.020
0.976
0.880
0.900
0.988
0.976
0.952
1.008
1.000
0.904
0.920
0.988
1.000
0.928
0.988
1.036
0.988
0.932
0.980
1.008
0.960
0.916
1.004
1.048
0.996
0.932
1.012
1.072
1.016
1.012
1.020
1.008
0.936
0.908
0.992
1.080
0.956
1.036
1.060
1.032
0.936
0.992
1.032
1.056
0.980
0.968
1.056
1.068
1.024
1.044
1.064
1.052
1.028
0.988
1.004
1.020
0.928
0.936
1.044
1.008
0.960
1.080
1.028
0.996
1.068
1.064
0.948
1.004
1.040
0.968
1.028
1.020
0.828
0.784
0.796
1.056
1.096
1.036
1.100
1.124
1.084
0.964
1.028
1.060
1.016
1.024
1.044
1.012
1.012
1.000
0.980
0.988
0.984
0.936
0.940
0.984
0.924
0.948
0.944
0.884
0.872
0.908
0.944
0.832
0.860
0.948
0.952
0.952
0.984
1.000
0.976
0.976
0.888
0.944
1.032
1.040
0.924
0.904
0.972
1.036
0.972
1.148
1.128
0.988
1.044
1.084
1.012
1.056
1.048
0.992
0.868
0.944
1.060
0.988
1.036
1.064
1.052
1.064
1.056
1.064
1.036
0.920
0.956
1.056
1.064
1.004
1.044
1.076
0.984
0.992
1.012
0.928
0.920
1.016
1.072
1.032
1.044
1.052
1.012
0.940
0.976
1.012
1.044
1.028
0.976
1.036
1.068
1.060
0.920
0.876
0.976
1.132
0.944
1.016
1.152
1.092
0.988
1.072
1.096
0.964
0.980
1.088
1.048
1.024
1.096
1.104
1.000
1.032
1.072
1.068
1.084
1.104
1.084
1.044
1.048
1.036
1.020
1.052
1.032
1.016
1.028
1.032
0.928
0.952
1.084
1.072
0.972
0.996
0.996
0.972
0.964
1.024
1.028
0.952
0.884
1.008
1.108
0.968
1.008
1.060
0.988
0.976
1.036
1.044
0.904
0.952
1.020
0.920
0.960
1.040
1.040
0.964
1.032
1.060
1.036
0.988
1.024
1.052
1.076
1.076
1.060
1.032
1.032
0.964
0.908
1.072
1.132
1.012
1.040
1.056
1.024
0.980
1.004
1.036
1.052
1.012
1.024
1.016
0.860
0.892
1.260
1.076
1.020
1.120
1.100
0.940
1.032
1.092
1.036
1.084
1.100
1.068
0.908
0.820
0.784
0.816
1.004
1.084
0.952
0.976
1.112
1.092
0.996
0.904
0.920
0.968
0.956
0.908
0.948
0.956
0.884
0.780
0.764
0.744
0.756
0.840
0.936
0.952
0.944
0.940
0.932
0.928
0.936
0.932
0.928
0.932
0.928
0.932
0.904
0.880
0.816
0.828
0.880
0.956
0.884
0.860
0.920
1.004
0.952
0.928
1.012
1.024
0.972
0.960
1.004
1.004
1.004
1.020
1.012
0.920
0.956
1.004
0.964
0.992
1.088
1.072
1.016
1.056
1.036
0.960
0.992
1.000
0.936
1.024
1.052
1.044
1.048
1.040
1.040
1.092
1.096
1.088
1.068
1.032
0.992
0.860
0.880
1.148
1.028
0.980
1.068
1.012
0.996
1.096
1.088
1.016
1.136
1.100
1.020
0.972
1.044
1.056
1.056
0.980
1.052
1.124
1.072
1.028
1.076
1.060
1.036
1.044
1.076
1.020
0.932
0.868
0.932
1.140
1.104
0.944
1.016
1.124
1.056
0.996
1.040
1.044
0.964
1.024
1.048
1.024
1.052
1.040
1.028
1.044
1.036
0.988
1.012
1.076
1.104
1.084
1.024
0.968
1.028
1.036
1.004
0.900
1.008
1.128
0.960
0.972
1.068
1.040
1.016
1.092
1.076
0.924
0.932
0.980
0.984
0.924
1.096
1.136
1.068
1.112
1.128
1.052
1.052
0.996
0.808
0.788
0.744
0.728
0.736
0.728
0.716
0.696
0.684
0.676
0.656
0.648
0.644
0.624
0.620
0.620
0.616
0.624
0.636
0.640
0.632
0.640
0.624
0.632
0.652
0.652
0.716
0.792
0.872
0.912
0.876
0.844
0.884
0.956
0.964
0.952
1.008
1.068
1.068
1.064
1.080
1.084
1.100
1.088
1.072
0.928
1.028
1.168
1.160
1.148
1.160
1.136
1.088
0.948
1.108
1.200
1.184
1.140
1.136
1.192
1.196
1.128
1.008
1.012
1.144
1.156
1.184
1.124
1.160
1.164
1.144
1.120
1.104
1.104
1.144
1.128
1.120
1.120
1.120
1.088
1.064
1.144
1.156
1.040
1.040
1.104
1.088
0.940
1.048
1.096
0.948
1.040
1.132
1.072
1.064
1.088
1.064
0.996
1.048
1.080
1.028
1.060
1.056
1.008
1.004
1.044
0.960
0.972
0.972
0.888
0.948
0.924
0.940
1.080
1.112
1.104
1.020
1.068
1.088
0.984
0.940
0.872
0.932
1.064
1.116
1.004
1.076
1.132
1.076
1.064
1.068
1.104
1.028
1.076
1.064
0.980
1.036
1.084
1.028
1.040
1.072
1.072
1.060
1.052
1.008
1.032
1.024
0.968
1.000
1.020
0.960
1.004
1.028
0.952
0.996
1.040
0.972
0.980
1.040
0.996
0.912
0.976
1.024
0.940
0.948
1.032
1.012
0.932
0.980
0.992
0.936
1.008
1.064
1.000
1.044
1.044
1.004
0.996
1.036
1.012
0.952
0.984
1.012
0.924
0.952
1.000
0.952
0.964
1.032
1.040
0.996
1.068
1.044
0.972
1.004
1.040
0.992
0.964
1.020
1.036
1.004
1.068
1.080
0.988
1.028
1.052
1.008
1.016
1.068
1.076
0.980
1.040
1.072
1.048
1.000
1.044
1.028
0.932
0.964
1.068
1.012
0.988
1.032
1.012
0.924
1.012
1.060
1.032
1.052
1.048
0.952
0.868
0.932
1.060
0.988
0.960
1.076
1.084
0.964
1.044
1.072
0.980
0.956
1.048
1.068
0.996
1.052
1.064
1.008
0.968
1.028
0.980
1.048
1.072
0.968
1.008
1.140
1.124
1.064
1.060
1.104
1.088
1.004
1.016
1.076
1.080
1.032
1.108
1.112
1.108
1.096
1.084
1.052
1.040
1.088
1.072
0.980
0.980
1.020
1.036
0.988
1.008
1.056
1.020
1.016
1.072
1.052
0.988
1.076
1.096
1.092
1.072
1.092
1.076
0.988
1.032
1.076
1.080
1.024
1.052
1.072
1.012
1.000
1.048
1.060
1.044
1.096
1.104
1.056
1.008
1.044
1.056
1.004
1.048
1.104
1.048
0.904
0.912
1.056
1.112
1.008
1.104
1.100
0.952
1.000
1.092
1.088
0.960
1.008
1.096
1.032
1.004
1.108
1.076
1.000
1.080
1.116
0.992
0.956
0.968
0.912
0.936
0.932
0.828
0.804
0.796
0.808
0.828
0.936
0.892
0.936
1.060
1.104
1.104
1.104
1.116
1.108
1.092
1.084
1.008
1.056
1.064
1.044
0.944
0.980
1.112
1.132
1.084
1.096
1.108
1.072
1.052
1.092
1.064
0.932
1.048
1.148
1.096
1.072
1.104
1.100
1.012
1.088
1.072
0.936
1.012
1.096
1.076
1.088
1.140
1.132
1.068
1.112
1.100
1.056
1.068
1.112
1.100
1.060
1.096
1.060
0.996
1.028
1.040
1.004
1.024
1.080
1.100
1.000
1.056
1.064
1.020
0.952
1.036
1.072
0.964
0.948
0.968
0.872
0.976
1.104
1.036
1.068
1.080
1.032
0.936
1.048
1.088
0.964
1.028
1.096
1.044
0.964
1.024
1.036
0.960
1.036
1.080
1.000
1.024
1.044
0.936
0.988
1.048
1.032
1.016
1.076
1.044
1.024
1.052
1.036
1.028
0.852
0.744
0.476
1.012
0.796
0.780
0.744
0.748
0.776
0.748
0.768
0.772
0.784
0.788
0.776
0.788
0.800
0.808
0.804
0.816
0.812
0.808
0.796
0.780
0.776
0.780
0.740
0.716
0.728
0.780
0.860
0.812
0.856
0.944
0.924
0.948
0.916
0.816
0.780
0.768
0.748
0.764
0.860
1.128
1.116
1.032
1.128
1.152
1.128
1.112
1.028
1.048
1.088
1.128
1.056
1.004
0.892
0.904
0.956
0.920
1.028
1.140
1.164
1.148
1.132
1.100
1.048
1.060
1.060
1.072
0.912
0.928
1.100
1.112
1.008
0.880
0.900
1.084
1.148
1.148
1.152
1.128
1.036
1.060
1.012
1.020
1.112
1.128
1.064
1.068
1.008
1.064
1.108
1.092
1.060
0.992
0.948
1.056
1.092
1.072
0.940
1.044
0.984
0.952
0.960
0.928
0.996
1.084
0.968
0.888
0.860
0.928
1.084
0.972
1.016
1.088
1.100
1.064
1.028
0.928
0.976
0.976
0.984
0.980
0.976
0.888
0.812
0.808
0.884
1.016
0.924
0.920
0.972
1.020
0.944
0.860
0.864
0.908
0.952
0.956
0.892
0.864
0.872
0.980
0.868
0.832
0.828
0.856
0.964
0.960
0.996
1.048
1.044
0.976
0.984
1.048
0.892
0.812
0.780
0.792
1.024
1.084
1.088
1.072
1.080
1.008
1.060
1.048
1.000
0.920
0.892
1.012
0.984
0.964
1.104
1.132
1.100
1.056
0.964
0.920
1.028
1.136
1.112
1.128
1.056
0.972
1.064
1.096
1.064
1.084
1.056
1.044
1.064
1.116
1.108
1.080
0.992
1.084
1.124
1.096
1.056
0.924
0.956
1.112
1.060
1.016
1.092
1.108
0.952
0.992
1.056
1.028
0.968
1.080
1.108
1.024
0.940
0.996
1.096
1.104
1.052
1.104
1.080
0.984
1.024
1.104
1.100
1.080
1.076
1.072
1.060
1.060
1.012
0.892
0.904
1.048
1.092
0.956
1.140
1.160
1.080
1.004
1.124
0.904
0.796
0.752
0.720
0.692
0.696
0.716
0.780
0.816
0.812
0.808
0.756
0.764
0.828
0.784
0.732
0.756
0.816
0.944
0.912
0.876
0.816
0.832
0.792
0.788
0.800
0.780
0.792
0.932
1.076
1.064
1.052
0.980
0.924
0.936
0.948
0.920
0.916
0.940
0.916
0.852
0.848
0.856
0.884
0.896
0.808
0.780
0.768
0.768
0.800
0.816
0.876
1.136
1.116
1.104
1.064
0.920
0.936
0.932
0.856
0.832
0.760
0.748
0.720
0.704
0.736
1.360
1.252
1.196
1.168
1.176
1.164
1.148
1.136
1.136
1.088
1.084
1.052
1.056
0.944
0.884
0.972
1.068
0.908
0.964
1.100
1.056
0.920
1.052
1.128
1.112
1.008
1.052
1.088
1.088
1.080
1.036
0.960
1.016
1.072
1.060
1.020
0.896
0.948
1.048
1.088
0.960
1.012
1.088
1.068
1.000
1.064
1.068
1.060
1.048
1.044
1.044
1.012
0.960
0.896
1.008
1.064
1.044
1.000
0.864
0.912
1.108
1.020
0.948
1.084
1.108
0.980
1.000
1.112
1.104
1.004
1.076
1.092
1.100
1.060
1.048
1.056
1.032
1.068
1.040
1.072
1.064
1.012
1.016
1.032
1.032
0.956
0.892
0.960
1.056
0.952
0.940
1.036
1.084
0.940
0.944
1.036
0.992
0.872
0.872
0.952
0.968
1.036
1.124
1.096
1.024
1.056
1.040
1.036
1.000
1.060
1.064
1.020
0.920
0.916
1.076
1.128
1.040
1.108
1.124
1.040
1.052
1.044
1.008
1.060
1.092
1.008
1.020
1.072
1.064
1.044
1.092
1.080
0.984
1.000
1.048
1.040
1.076
0.952
0.880
0.904
1.052
1.088
0.952
0.996
1.060
1.084
1.008
1.080
1.096
1.084
0.968
1.072
1.120
1.108
1.004
1.088
1.100
1.040
1.092
1.080
1.068
1.068
1.084
1.060
1.016
0.996
1.084
1.120
1.076
0.900
0.888
0.992
1.108
0.944
1.044
1.120
1.120
1.052
0.956
1.036
1.088
0.988
1.072
1.092
1.088
1.064
1.112
1.076
1.044
1.108
1.116
1.076
0.980
0.964
1.192
1.152
1.032
1.100
1.088
0.996
0.960
1.152
1.144
1.012
1.104
1.088
1.072
1.108
1.076
1.056
1.092
1.088
1.072
1.096
1.096
1.084
1.080
1.040
1.084
1.052
1.036
1.116
1.108
1.052
0.856
0.900
1.252
0.968
1.040
1.180
1.064
0.884
1.068
1.180
1.116
0.996
1.112
1.144
1.064
1.088
1.084
1.024
1.128
1.096
1.012
1.112
1.116
1.100
1.128
1.116
1.120
1.104
1.032
1.100
1.100
1.084
1.012
1.096
1.076
1.064
1.088
1.100
1.104
1.064
1.060
1.052
1.056
1.140
1.092
0.948
0.872
0.988
1.180
1.124
1.048
1.108
1.104
1.104
1.072
0.988
0.852
0.832
0.980
1.076
0.992
0.856
0.764
0.744
0.736
0.760
0.728
0.716
0.728
0.732
0.720
0.692
0.696
0.692
0.712
0.776
0.860
0.888
0.832
0.892
0.960
0.980
0.912
0.988
1.044
1.052
0.944
0.816
0.800
0.836
1.268
1.200
1.228
1.200
1.220
1.208
1.172
1.140
1.064
1.188
1.144
1.180
1.164
1.156
1.144
1.164
1.152
1.048
1.160
1.184
1.156
1.112
1.144
1.124
1.012
1.080
1.084
1.108
0.964
0.896
0.832
0.808
0.768
0.744
0.740
0.728
0.732
0.728
0.720
0.704
0.708
0.716
0.756
0.808
0.776
0.776
0.792
0.820
0.780
0.752
0.776
0.852
0.940
1.004
1.036
1.040
1.032
1.024
1.028
0.968
0.812
0.776
0.748
0.768
0.752
0.772
0.956
0.884
0.876
1.052
1.064
0.964
0.888
0.940
1.068
0.960
0.940
1.112
1.160
1.120
0.988
1.136
1.168
1.052
0.980
1.144
1.160
1.072
1.000
1.112
1.184
1.120
1.044
1.156
1.164
1.116
0.976
1.044
1.184
1.172
1.180
1.216
1.168
1.124
1.152
1.132
1.108
1.188
1.156
1.112
1.092
1.140
1.100
1.008
1.124
1.136
1.044
1.096
1.120
1.060
1.180
1.156
1.116
1.060
1.132
1.120
1.020
1.096
1.112
1.056
1.096
1.104
1.084
1.036
1.116
1.132
1.040
1.088
1.060
1.032
1.084
1.044
0.976
1.120
1.124
1.032
1.088
1.104
1.036
0.932
1.020
1.096
1.024
0.984
1.096
1.112
1.068
1.064
1.072
1.032
1.076
1.080
1.028
1.088
1.108
1.036
1.084
1.072
1.004
1.024
1.088
1.048
0.912
0.984
1.112
1.020
1.040
1.128
1.120
1.016
1.068
1.092
1.040
1.020
1.052
1.116
1.076
1.012
1.112
1.108
1.092
0.948
1.020
1.132
1.104
0.992
1.080
1.128
1.024
1.100
1.112
1.076
1.096
1.128
1.080
1.120
1.092
1.052
1.076
1.032
1.040
1.096
1.080
1.040
1.088
1.088
1.000
1.044
1.092
0.996
1.084
1.136
1.080
1.128
1.124
1.064
1.100
1.112
1.100
0.992
1.088
1.088
0.996
1.064
1.112
0.976
0.932
1.016
1.016
0.988
1.084
1.108
1.040
1.136
1.140
1.012
1.040
1.112
1.044
0.956
1.044
1.120
1.108
1.012
1.120
1.168
1.148
1.068
1.068
1.108
1.104
1.060
1.008
1.044
1.056
1.056
1.072
0.900
1.032
1.176
1.088
1.000
1.128
1.116
1.076
0.908
1.040
1.156
1.036
1.108
1.156
1.100
1.076
1.124
1.080
1.080
1.108
1.100
1.092
1.132
1.152
1.108
1.092
1.116
1.108
1.028
1.088
1.100
1.044
1.016
1.088
1.096
0.996
1.056
1.104
1.024
1.116
1.104
1.012
0.916
0.992
1.140
1.116
1.000
1.156
1.136
0.960
0.928
1.028
0.900
0.832
0.800
1.000
1.224
1.076
1.044
1.124
1.128
1.064
1.044
1.036
1.040
1.068
1.036
0.912
1.004
1.132
1.052
1.040
1.120
1.120
1.108
0.968
1.012
1.176
1.168
1.044
1.180
1.208
1.160
1.092
1.152
1.052
0.932
0.876
0.776
0.752
0.728
0.704
0.708
0.732
0.884
0.956
0.932
0.828
0.816
0.788
0.776
0.808
0.832
0.820
0.816
0.772
0.796
0.804
0.808
0.796
0.788
0.764
0.724
0.712
0.712
0.732
0.840
0.996
0.816
0.780
0.784
0.952
0.980
1.056
1.092
1.120
1.092
1.096
1.100
1.108
1.108
1.108
1.104
1.124
1.072
1.020
1.108
1.128
1.052
1.116
1.132
1.056
1.048
1.140
1.092
1.152
1.144
1.068
1.116
1.104
1.048
1.128
1.140
0.968
1.136
1.140
1.000
1.104
1.180
1.168
1.100
1.156
1.164
1.080
1.140
1.136
1.084
1.136
1.088
1.044
1.092
1.072
1.032
1.100
1.060
0.956
1.012
1.072
1.028
1.020
1.116
1.132
1.056
1.104
1.096
1.020
1.068
1.084
1.052
1.048
1.100
1.104
1.072
1.064
1.084
1.004
0.960
1.036
1.096
1.032
1.096
1.088
1.024
1.024
1.108
1.040
1.064
1.104
1.068
1.044
1.092
1.100
1.084
1.076
1.088
1.064
0.992
1.052
1.100
1.084
1.064
1.096
1.108
0.952
0.948
0.996
1.016
0.884
0.988
1.180
1.132
1.084
1.112
1.144
1.060
1.108
1.112
1.048
1.080
1.144
1.116
1.052
1.132
1.120
1.044
1.088
1.008
0.944
1.100
1.164
1.036
1.156
1.136
1.040
1.076
1.040
1.036
0.944
0.936
0.980
1.048
1.104
0.992
1.016
1.116
0.996
0.968
0.956
0.968
0.864
0.832
0.820
0.868
1.028
1.084
1.000
1.040
1.068
1.056
1.056
1.044
0.964
0.988
1.056
1.112
1.080
0.968
1.060
1.148
1.144
1.124
1.036
1.120
1.144
1.120
1.088
1.140
1.156
1.076
1.148
1.176
1.132
1.104
1.120
1.104
1.092
1.140
1.156
1.152
1.072
1.128
1.124
1.104
1.080
1.140
1.136
1.056
1.100
1.132
1.084
1.116
1.144
1.080
1.100
1.100
0.992
1.052
1.108
1.036
1.092
1.156
1.116
1.092
1.144
1.124
0.976
1.004
1.140
1.156
1.112
1.148
1.160
1.104
1.116
1.100
0.968
1.044
1.096
1.040
1.080
1.152
1.128
1.064
1.108
1.084
1.048
1.096
1.100
1.016
1.076
1.100
1.076
1.120
1.128
1.116
1.024
1.080
1.096
1.064
1.080
1.116
1.108
1.044
1.108
1.084
0.996
1.044
1.092
1.008
1.024
1.092
1.064
0.896
0.932
1.040
1.036
0.968
1.148
1.156
1.036
1.096
1.128
1.060
1.072
1.096
1.044
1.092
1.072
1.016
1.060
1.060
0.976
1.100
1.068
1.100
1.104
0.944
0.904
0.880
0.844
0.832
1.064
1.028
0.904
1.024
1.072
1.020
1.108
1.092
1.020
1.072
1.080
1.028
1.100
1.084
0.996
0.968
1.048
0.976
1.008
1.100
1.100
1.024
1.080
1.020
1.016
1.176
1.152
1.032
1.016
1.076
1.016
0.864
0.800
0.876
1.192
1.088
1.080
1.136
1.032
1.116
1.112
1.036
1.104
1.036
0.904
0.912
0.980
0.948
1.104
1.108
1.104
1.088
1.068
1.112
1.088
0.976
1.036
1.112
1.092
1.100
0.996
1.036
1.128
1.112
1.004
1.120
1.148
1.028
1.068
1.116
1.060
0.996
0.944
1.092
1.128
1.084
1.064
1.124
1.140
1.080
1.120
1.124
1.028
1.064
1.140
1.140
1.052
1.056
1.088
1.092
0.968
1.084
1.156
1.084
0.984
1.144
1.188
1.156
1.104
1.076
1.004
1.144
1.156
1.132
1.020
1.084
1.124
1.116
1.112
1.004
1.068
1.040
1.100
1.112
1.092
1.032
1.100
1.108
1.092
1.048
1.096
1.088
1.124
1.112
1.104
1.060
0.900
0.916
1.196
1.160
1.132
0.984
1.080
1.148
1.016
0.852
0.808
0.876
0.792
0.780
0.752
0.744
0.796
0.960
0.992
0.956
0.900
0.960
1.008
1.024
0.936
0.996
1.108
1.092
1.080
1.020
1.076
1.100
1.096
1.072
1.092
1.136
1.140
1.076
1.072
1.144
1.164
1.164
1.156
1.132
1.028
1.092
1.116
1.104
0.980
1.056
1.128
1.116
0.960
1.048
1.176
1.088
1.060
1.036
0.940
0.964
0.944
0.844
0.812
0.792
0.788
0.800
0.812
0.828
0.756
0.724
0.752
0.808
0.952
1.020
0.996
0.932
0.896
0.908
0.920
0.912
0.880
0.888
0.920
0.920
0.876
0.848
0.868
0.896
0.932
0.988
0.980
0.928
0.936
0.980
0.972
0.980
1.008
1.016
0.964
0.900
0.940
0.924
0.960
1.088
1.020
0.928
1.052
1.104
1.064
1.084
1.000
1.112
1.160
1.144
1.084
1.032
1.108
1.124
1.084
1.012
1.100
1.116
1.048
1.016
1.128
1.168
1.120
1.120
1.116
1.004
0.988
0.984
0.952
1.000
1.084
0.980
1.112
1.140
1.036
1.004
1.036
0.996
1.004
1.056
1.116
1.068
0.892
0.808
0.836
0.948
0.904
0.980
1.096
1.100
1.004
1.044
1.016
1.028
1.060
1.084
1.084
1.080
0.980
1.088
1.120
1.092
0.944
1.040
1.120
1.136
1.064
1.120
1.040
1.068
1.064
1.044
0.964
1.040
1.120
1.120
1.068
1.088
1.132
1.112
1.072
1.128
1.116
1.052
1.108
1.100
1.068
1.080
1.080
1.060
1.092
1.076
1.020
0.908
1.020
1.140
1.100
1.040
1.108
1.124
1.048
1.004
1.072
1.104
1.004
1.064
1.092
1.020
1.016
1.076
1.084
1.024
1.004
1.100
1.112
1.056
1.068
1.088
1.064
1.032
1.044
1.020
1.096
1.084
0.992
1.008
1.056
1.060
0.980
1.068
1.068
0.968
0.928
1.040
1.076
1.016
1.080
1.048
1.112
1.132
1.092
0.980
1.044
1.104
1.052
1.096
1.108
1.024
0.992
1.048
0.924
1.020
1.124
1.052
1.104
1.120
1.076
1.040
1.112
1.112
1.116
1.020
1.020
1.060
1.120
1.112
1.088
1.140
0.992
0.948
1.068
1.140
1.032
1.124
1.140
1.080
0.960
1.064
1.128
1.124
1.112
1.084
1.012
1.144
1.140
1.112
1.060
1.004
1.144
1.160
1.144
1.128
1.056
1.140
1.144
1.108
0.980
1.056
1.176
1.156
1.092
1.124
1.132
1.076
1.112
1.084
1.020
1.096
1.084
1.028
1.028
1.104
1.076
1.044
1.100
1.088
0.996
1.068
1.092
1.052
1.012
1.108
1.112
1.040
1.112
1.108
1.068
0.960
0.996
1.112
1.100
0.968
1.040
1.108
1.064
1.032
1.056
1.064
0.964
0.996
1.068
1.032
1.020
1.036
1.032
0.988
1.080
1.088
0.976
1.032
1.088
1.092
1.084
1.016
1.024
1.068
0.992
0.972
1.180
1.168
1.008
1.132
1.132
1.048
0.964
1.096
1.144
1.064
1.104
1.112
1.120
1.108
1.120
1.136
1.124
1.112
1.056
0.996
0.900
0.852
0.880
1.004
1.044
0.980
0.836
0.784
0.772
0.872
1.064
1.100
1.028
0.976
1.092
1.144
1.128
1.056
1.060
1.156
1.160
1.060
1.048
1.124
1.104
0.992
1.160
1.172
1.016
1.080
1.152
1.156
1.000
1.148
1.164
1.132
0.948
1.028
1.136
1.076
1.092
1.164
1.136
1.016
1.120
1.148
1.024
1.228
1.224
1.188
1.204
1.196
1.152
1.084
1.168
1.184
1.144
1.148
1.156
1.100
1.036
1.060
1.112
1.140
0.988
1.064
1.140
1.104
1.140
1.156
1.128
1.128
1.136
1.116
1.052
1.124
1.144
1.124
1.184
1.184
1.128
1.116
1.124
1.080
1.040
1.096
1.076
0.948
1.108
1.152
1.060
1.092
1.136
1.060
1.056
1.108
1.092
1.172
1.132
1.076
1.124
1.108
1.008
1.096
1.116
1.008
0.924
1.116
1.132
1.008
1.104
1.136
1.068
1.088
1.112
1.072
1.088
1.124
1.096
1.036
0.968
1.020
1.048
0.940
1.016
1.036
0.968
0.876
0.912
0.960
0.976
0.896
0.948
1.032
1.048
1.000
1.076
1.096
1.080
0.956
0.964
1.048
1.080
0.968
1.260
1.216
1.072
1.164
1.184
1.120
1.052
1.160
1.132
1.012
1.124
1.148
1.136
1.088
1.100
1.112
1.084
1.096
1.144
1.144
1.076
1.108
1.124
0.988
1.080
1.180
1.144
0.992
0.984
1.208
1.168
1.076
1.192
1.172
1.128
1.188
1.160
1.072
1.052
1.104
1.036
1.032
1.152
1.140
1.100
1.104
1.076
1.044
1.012
1.156
1.128
1.080
0.972
1.140
1.120
0.984
0.828
0.784
0.896
1.304
1.220
1.216
1.188
1.088
1.040
1.164
1.164
1.172
1.172
1.160
1.136
1.116
1.068
0.964
1.080
1.152
1.052
0.992
0.960
0.952
0.952
0.888
0.920
0.916
0.884
0.840
0.900
0.988
1.008
1.000
0.984
0.980
0.984
1.020
1.036
0.968
0.976
1.008
1.024
0.960
1.068
1.084
0.936
0.932
1.112
1.128
1.032
1.112
1.148
1.056
1.132
1.132
1.072
1.152
1.140
1.068
1.104
1.104
1.044
1.060
1.132
1.104
1.132
1.160
1.100
1.140
1.140
1.088
1.096
1.116
1.068
1.000
1.136
1.152
1.072
1.100
1.136
1.140
1.116
1.140
1.072
1.004
1.088
1.120
1.012
1.076
1.120
1.072
1.136
1.152
1.076
1.108
1.112
1.052
1.096
1.048
0.920
1.108
1.040
0.968
1.076
1.044
1.156
1.140
1.084
1.148
1.124
1.100
1.132
1.144
1.096
1.112
1.112
1.088
1.124
1.128
1.036
1.084
1.108
1.104
1.040
1.076
1.084
1.048
1.132
1.152
1.064
1.128
1.164
1.072
1.124
1.172
1.100
1.076
1.116
1.064
1.000
1.112
1.084
0.912
1.044
0.952
1.068
1.176
1.160
1.156
1.176
1.120
1.068
1.124
1.080
1.028
1.092
1.096
1.048
1.068
1.036
1.108
1.132
1.064
1.052
1.076
1.068
1.040
1.080
1.076
1.004
0.960
0.992
1.000
0.964
1.092
1.104
1.036
1.040
1.056
1.052
1.032
0.852
0.824
0.812
0.872
1.008
1.056
1.072
1.000
1.020
0.908
0.908
0.860
0.924
1.052
1.068
1.088
1.024
1.004
1.128
1.036
1.004
1.052
1.108
1.072
0.940
0.892
0.840
0.908
1.044
1.052
1.132
1.084
1.096
1.092
1.112
1.008
0.976
0.904
0.980
1.092
1.108
1.032
1.124
1.100
1.120
1.128
1.080
1.064
1.044
1.068
1.104
1.108
1.108
1.000
0.980
0.948
1.016
1.000
0.924
0.880
0.816
0.864
0.904
0.872
0.764
0.744
0.700
0.692
0.704
0.688
0.716
0.800
0.820
0.836
0.836
0.784
0.800
0.808
0.808
0.812
0.820
0.824
0.800
0.772
0.784
0.816
0.852
0.904
0.944
0.972
0.996
1.028
0.940
0.948
1.100
1.160
1.140
1.108
1.000
1.156
1.148
1.136
1.064
1.172
1.164
1.124
1.240
1.208
1.200
1.136
1.148
1.220
1.196
1.104
1.028
1.204
1.184
1.120
1.180
1.188
1.148
1.112
1.140
1.152
1.044
1.136
1.164
1.124
1.100
1.132
1.124
1.096
1.136
1.136
1.052
1.132
1.136
1.064
1.088
1.084
1.048
1.012
1.144
1.132
1.052
1.080
0.996
0.944
0.860
0.852
1.244
1.188
1.152
1.068
1.120
1.120
1.036
1.104
1.120
1.068
1.084
1.096
1.108
1.060
1.096
1.104
1.024
1.068
1.104
1.052
1.096
1.108
1.016
0.992
1.032
1.068
0.996
1.028
0.984
0.980
1.124
1.148
1.064
1.104
1.088
0.988
1.112
1.136
1.076
1.076
1.096
1.056
1.056
1.068
1.048
1.016
0.892
1.000
1.168
1.168
1.124
1.080
1.048
1.068
1.036
0.940
0.996
1.064
1.080
0.996
0.988
1.072
1.068
0.984
1.064
1.092
1.028
1.096
1.092
1.096
1.008
1.052
1.124
1.104
1.088
1.076
1.140
1.104
1.040
0.912
1.000
1.184
1.108
1.000
1.192
1.124
0.952
1.128
1.156
1.072
1.120
1.128
1.072
1.056
1.104
1.080
1.024
1.108
1.080
1.096
1.096
1.044
1.072
1.112
1.100
1.056
1.092
1.084
1.032
1.004
1.124
1.120
1.000
1.072
1.096
1.000
1.056
1.028
1.052
1.000
0.928
0.864
0.936
1.136
1.060
1.016
1.132
1.136
1.076
1.100
1.152
1.128
1.052
1.088
1.092
1.072
1.056
1.100
1.100
1.080
1.108
1.060
1.036
1.120
1.084
1.024
1.076
1.020
0.952
1.104
1.096
1.020
1.108
1.104
1.072
1.080
1.096
1.068
1.072
1.084
1.088
1.124
1.040
0.980
1.048
1.172
1.072
0.876
0.904
0.932
0.808
0.808
0.792
0.788
0.816
0.948
0.908
0.984
1.024
0.928
0.936
0.984
1.020
0.976
0.916
1.016
1.108
1.096
1.060
1.104
1.096
1.044
1.096
1.100
1.052
1.076
1.100
1.052
1.048
1.084
1.052
1.024
1.128
1.092
1.016
1.080
1.068
0.984
1.100
1.128
1.032
1.092
1.132
1.052
1.136
1.136
1.100
0.984
1.156
1.180
1.116
1.148
1.160
1.076
1.140
1.144
1.084
1.116
1.124
1.080
1.112
1.128
1.100
1.056
1.124
1.124
0.980
1.076
1.148
1.088
1.072
1.104
1.056
0.972
1.096
1.112
1.032
1.148
1.176
1.132
1.140
1.124
1.036
1.072
1.104
1.044
1.060
1.104
1.080
1.008
1.048
1.040
0.964
1.080
1.100
1.068
0.936
1.036
1.136
1.104
1.084
1.124
1.108
1.064
1.124
1.124
1.064
1.108
0.996
0.948
1.060
1.148
1.132
1.044
1.116
1.144
1.060
1.112
1.088
1.092
1.096
1.096
1.008
1.032
0.992
0.940
1.100
1.164
1.116
1.124
1.116
1.100
1.052
1.088
1.084
1.024
1.088
1.068
0.996
0.988
1.052
1.020
0.856
0.772
0.732
0.704
0.688
0.704
0.700
0.700
0.692
0.720
0.764
0.820
0.828
0.764
0.732
0.772
0.856
0.936
0.964
0.936
0.848
0.912
1.044
1.112
1.100
0.996
1.104
1.152
1.136
1.000
1.132
1.132
1.092
1.044
1.216
1.204
1.104
1.168
1.196
1.144
1.032
1.112
1.156
1.152
1.080
1.200
1.180
1.140
1.192
1.176
1.136
0.956
1.044
1.184
1.052
1.092
1.196
1.168
1.148
1.172
1.136
1.092
1.160
1.148
1.108
1.168
1.168
1.144
1.068
1.164
1.208
1.160
1.116
1.152
1.128
1.128
1.164
1.144
1.092
1.160
1.168
1.080
1.132
1.136
1.084
1.088
1.124
1.096
1.036
1.112
1.116
1.040
1.104
1.064
0.960
0.872
0.972
1.196
1.000
1.120
1.176
1.060
1.060
1.124
1.092
1.072
1.176
1.136
1.088
1.040
1.092
1.128
1.124
1.120
1.056
1.104
1.132
1.136
1.112
1.016
1.012
1.088
1.164
1.004
1.048
1.148
1.132
0.940
0.928
0.976
1.008
0.904
0.880
0.904
0.812
0.788
0.804
0.924
0.860
0.848
1.124
1.112
0.992
0.912
1.020
1.096
1.080
0.996
0.992
1.068
1.084
1.004
0.952
1.004
1.060
0.880
0.976
1.204
1.148
1.088
1.160
1.148
1.108
1.020
1.088
1.156
1.060
1.152
1.188
1.152
1.116
1.120
1.112
1.092
1.096
1.108
1.112
1.120
1.048
0.924
1.300
1.172
1.036
1.212
1.160
0.984
1.128
1.148
1.116
1.156
1.164
1.132
1.076
1.168
1.184
1.160
1.124
1.188
1.140
1.104
1.000
0.980
1.280
1.224
1.144
1.176
1.156
1.104
1.120
1.176
1.120
1.052
0.852
0.840
1.364
1.220
1.108
1.144
1.200
1.152
1.040
1.024
1.124
1.112
1.064
1.176
1.164
1.152
1.148
1.156
1.168
1.120
1.080
0.996
1.060
1.140
1.124
1.100
1.132
1.096
0.952
1.108
1.180
1.080
0.992
1.120
1.132
0.976
1.028
1.140
1.124
1.012
1.140
1.156
1.180
1.192
1.168
1.128
1.076
0.992
1.196
1.208
1.172
1.164
1.116
1.168
1.132
1.056
0.936
1.256
1.180
0.988
1.204
1.132
0.956
1.076
1.180
1.144
1.040
1.148
1.168
1.124
1.044
1.092
1.064
0.960
1.012
1.140
1.092
0.948
1.144
1.180
1.176
1.172
1.152
1.144
1.164
1.096
1.164
1.180
1.164
1.024
0.984
1.108
1.116
1.024
1.120
1.160
1.116
1.140
1.156
1.096
1.136
1.148
1.160
1.148
1.124
1.124
1.116
1.116
1.068
1.144
1.132
0.924
1.272
1.224
1.008
1.232
1.172
1.052
1.104
1.204
1.200
1.132
1.100
1.112
1.008
1.192
1.196
1.156
1.192
1.172
1.188
1.184
1.160
1.124
0.980
0.916
1.080
1.112
0.944
0.928
0.948
1.012
0.920
0.824
0.876
1.180
0.988
0.836
0.812
0.908
0.884
1.048
1.116
1.116
1.060
0.964
1.040
1.104
1.084
0.988
0.956
1.088
1.100
1.104
0.944
1.020
1.120
1.112
1.052
1.060
1.068
1.084
1.036
1.040
1.044
1.024
1.108
1.112
1.104
1.064
0.904
0.992
1.208
1.172
1.120
0.996
1.040
1.168
0.988
0.952
1.188
1.176
0.968
1.136
1.188
1.128
0.956
1.116
1.128
1.120
1.012
1.096
1.164
1.144
1.060
1.164
1.156
1.036
1.096
1.132
1.064
1.044
1.068
1.076
1.064
1.100
1.108
1.076
1.104
1.084
1.068
1.092
1.056
1.080
1.140
1.108
1.004
1.120
1.100
0.932
1.060
1.160
1.116
1.144
1.180
1.160
1.128
1.108
1.120
1.152
1.116
1.132
1.116
1.144
1.108
1.080
1.128
1.092
0.932
0.808
0.872
1.400
1.072
1.188
1.240
1.068
1.152
1.208
1.176
1.056
1.192
1.192
1.104
1.048
1.084
0.996
0.940
0.856
0.796
0.820
1.164
1.116
1.096
1.040
0.868
0.904
0.964
0.888
0.812
0.772
0.756
0.876
0.936
1.252
1.244
1.088
1.148
1.164
1.144
1.120
1.004
1.056
1.140
1.156
1.112
1.168
1.164
1.120
1.116
1.116
1.036
1.020
1.072
1.068
0.952
1.100
1.004
1.196
1.184
1.132
1.148
1.144
1.148
1.156
1.152
1.172
1.148
1.064
0.892
1.216
1.208
0.988
1.140
1.204
1.148
1.200
1.176
1.192
1.176
1.208
1.200
1.184
1.132
0.964
0.956
1.220
1.160
1.040
1.184
1.196
1.196
1.204
1.176
1.176
1.152
1.144
1.120
1.000
1.008
0.952
0.928
0.876
0.852
0.952
1.040
0.864
0.900
0.928
0.904
0.812
0.780
0.748
0.756
0.816
0.856
0.812
0.880
0.996
1.060
1.024
0.932
0.976
1.036
0.912
0.920
1.032
1.040
0.896
0.980
1.140
1.112
0.996
1.060
1.108
1.000
1.096
1.120
1.024
0.980
1.096
1.120
1.080
1.056
1.152
1.144
1.108
1.164
1.132
1.052
1.112
1.092
0.968
1.152
1.136
1.088
1.048
1.144
1.100
1.040
1.148
1.112
0.872
0.792
0.844
1.284
1.176
1.180
1.172
1.140
1.076
1.172
1.164
1.120
1.092
1.012
1.088
1.200
1.148
1.064
1.112
1.104
1.004
1.088
1.120
1.116
1.020
1.044
1.108
1.112
0.992
1.144
1.152
1.140
1.052
1.100
1.096
1.080
0.980
1.124
1.164
1.148
1.012
1.100
1.104
1.112
0.960
0.976
0.976
0.920
0.848
0.772
0.728
0.696
0.692
0.668
0.652
0.648
0.664
0.700
0.764
0.788
0.800
0.812
0.832
0.780
0.780
0.800
0.804
0.776
0.792
0.796
0.816
0.796
0.796
0.808
0.820
0.764
0.736
0.748
0.804
1.080
1.100
1.000
1.072
1.124
1.128
1.120
1.068
0.956
1.112
1.196
1.168
1.080
1.144
1.196
1.172
1.036
1.136
1.196
1.196
1.056
1.024
1.076
1.020
1.164
1.148
0.972
1.008
1.160
0.956
1.012
1.156
1.124
1.096
1.036
0.972
1.060
1.076
1.016
1.000
1.076
1.040
1.016
0.880
0.916
1.084
1.072
1.088
1.016
0.924
0.956
1.012
0.840
0.832
0.996
1.100
1.004
1.076
1.116
1.112
1.096
0.972
1.056
1.124
1.124
0.988
1.088
1.152
1.056
1.136
1.084
1.084
0.972
0.928
0.992
1.136
1.132
1.104
1.124
1.120
1.100
1.148
1.076
1.112
1.076
1.152
1.132
1.068
0.972
0.988
1.132
1.136
1.176
1.160
1.144
1.144
1.136
1.088
1.040
1.108
1.060
1.116
1.128
1.140
1.096
0.996
1.104
1.164
1.148
1.156
1.132
1.084
1.008
1.252
1.236
1.160
1.188
1.184
1.124
1.028
1.144
1.140
1.080
1.156
1.144
1.140
1.108
1.096
1.128
1.060
1.060
1.096
1.132
1.004
1.048
1.180
1.128
1.056
1.120
1.052
1.100
1.080
1.056
1.064
1.036
0.980
0.948
1.068
1.092
0.944
1.000
1.136
1.148
1.144
1.056
0.992
1.092
1.108
1.004
1.104
1.140
1.140
1.076
1.092
1.116
1.028
1.092
1.056
1.064
0.980
0.860
0.872
0.872
0.912
1.136
1.140
1.012
1.004
1.076
1.096
1.044
0.992
1.100
1.116
1.056
1.016
1.120
1.160
1.140
1.044
1.056
0.976
0.840
0.912
1.136
1.104
1.224
1.176
1.164
1.116
1.072
1.072
1.104
1.088
1.100
1.152
1.160
1.132
1.120
1.048
1.132
1.144
1.004
1.060
1.128
1.192
1.088
1.136
1.160
1.192
1.152
1.064
1.148
1.144
1.128
1.084
1.096
1.148
1.020
0.896
0.912
0.916
0.964
0.976
1.144
1.052
1.120
1.080
1.088
1.084
1.064
1.144
1.160
1.128
1.032
1.116
1.140
1.076
1.072
1.124
1.104
1.040
1.132
1.156
1.148
1.024
1.028
0.972
1.060
1.056
1.104
1.152
1.140
1.120
1.104
1.032
1.072
1.068
1.044
1.092
1.068
1.064
1.064
0.976
1.028
1.108
1.084
0.996
0.984
0.908
1.068
1.044
1.092
1.132
1.100
1.092
1.104
1.112
1.100
1.140
1.136
1.092
0.920
0.844
0.852
1.048
1.052
1.104
0.992
0.892
0.928
0.828
0.804
0.888
1.004
0.972
0.880
0.996
1.076
0.996
0.912
0.988
1.040
0.936
0.952
1.052
1.084
0.984
1.004
1.128
1.092
1.008
1.120
1.120
1.000
1.072
1.144
1.144
1.144
1.032
1.044
0.980
1.128
1.168
1.120
1.016
1.096
1.148
1.084
1.092
1.044
1.044
1.080
1.032
1.104
1.132
1.096
1.044
1.112
1.092
1.024
1.084
1.060
1.008
1.120
1.136
1.076
1.084
1.064
1.000
1.080
1.116
1.056
1.132
1.100
0.956
1.036
0.952
1.044
1.136
1.132
1.036
1.076
1.124
1.028
0.976
1.068
1.096
1.088
1.092
0.960
1.012
0.956
0.812
0.796
1.200
1.036
1.104
1.152
1.140
1.008
1.064
1.108
1.124
1.004
1.048
1.164
1.132
1.004
1.092
1.172
1.200
1.072
1.108
1.116
1.144
1.112
1.092
1.048
1.008
1.084
1.040
1.040
1.100
1.104
1.092
0.984
0.992
1.092
1.124
1.024
0.988
1.120
1.104
0.864
0.836
1.052
0.980
1.152
1.076
1.024
1.172
1.084
1.072
1.008
1.008
1.120
1.148
1.120
1.028
1.136
1.176
1.156
1.076
1.120
1.100
1.036
1.032
1.128
1.168
1.156
1.064
1.124
1.136
1.092
1.000
1.088
1.088
1.040
0.980
0.832
0.852
0.856
1.032
1.168
1.184
1.136
1.088
1.000
1.036
1.172
1.184
1.152
1.044
1.100
1.144
1.152
1.052
1.128
1.148
1.116
1.012
1.112
1.144
1.140
1.044
1.132
1.144
1.068
1.056
1.148
1.116
1.000
1.104
1.132
1.060
1.112
1.108
1.084
0.996
1.108
1.156
1.100
1.052
1.100
1.076
1.000
1.080
1.096
1.056
0.948
1.096
1.160
1.084
0.956
1.056
1.120
1.108
0.960
1.036
1.108
1.028
1.092
1.156
1.128
1.052
1.116
1.112
1.020
1.060
1.092
1.068
0.972
1.032
1.112
1.108
1.048
1.104
1.096
1.012
1.036
1.028
0.932
1.004
1.108
1.080
1.032
1.104
1.080
1.044
1.104
1.104
1.008
1.056
1.072
1.096
1.032
1.080
1.096
1.032
1.092
1.108
1.056
1.112
1.076
0.968
1.088
1.140
1.156
1.100
1.096
1.152
1.148
1.096
1.084
1.084
1.036
0.976
0.992
1.120
1.132
1.080
1.116
1.092
0.968
1.072
0.936
0.880
0.888
0.920
0.848
0.860
0.964
1.040
0.908
0.800
0.844
1.084
1.068
1.024
1.052
1.056
1.068
1.056
0.968
1.000
1.136
1.148
1.136
1.020
0.956
1.044
1.112
1.096
0.960
1.064
1.156
1.120
1.024
1.072
1.088
1.096
0.960
0.976
1.060
1.020
1.012
1.076
1.036
0.936
1.032
1.068
1.068
0.992
1.028
1.092
1.052
0.972
1.012
1.036
0.980
0.924
0.992
1.080
0.980
1.112
1.112
1.096
0.968
1.024
1.100
1.100
1.000
1.044
1.060
0.948
1.004
1.104
1.100
0.980
1.040
1.116
1.056
0.968
1.080
1.144
1.120
1.028
1.024
1.092
1.080
0.956
1.024
1.088
1.052
0.984
1.052
1.068
0.984
1.040
1.028
0.956
1.004
1.052
1.040
0.936
0.996
1.040
1.032
1.024
0.920
1.048
1.108
1.068
0.952
0.904
0.804
0.780
0.900
0.888
1.148
1.144
1.032
1.000
1.076
1.044
0.940
1.044
1.108
0.944
1.076
1.056
1.024
1.040
0.944
0.940
0.916
0.892
0.848
0.964
1.060
0.928
0.984
0.968
0.908
0.856
0.832
0.900
0.980
0.988
0.956
0.984
0.992
1.040
1.032
0.976
0.980
0.904
0.912
1.088
1.136
1.104
1.104
1.088
1.032
1.016
1.128
1.116
0.872
0.796
0.848
1.240
1.196
1.136
1.068
1.200
1.148
1.056
1.136
1.160
1.148
1.176
1.144
1.084
1.136
1.112
1.084
0.984
1.108
1.132
1.096
1.172
1.152
1.084
1.052
1.112
1.148
1.068
1.100
1.104
1.060
1.016
1.104
1.132
1.056
1.108
1.128
1.092
0.976
1.048
1.064
0.988
1.064
1.164
1.128
1.128
1.044
0.956
1.056
1.104
1.052
1.092
1.092
1.084
1.072
1.004
1.040
1.036
0.972
0.864
0.968
1.148
1.104
1.052
0.960
1.044
1.104
1.100
0.964
0.960
1.088
1.136
1.044
1.044
1.132
1.116
0.968
0.996
1.044
1.048
1.008
1.028
1.024
0.888
0.932
1.100
1.092
1.064
1.036
0.900
0.968
1.056
1.068
0.964
0.988
1.100
1.096
1.040
1.080
1.096
1.076
1.012
1.068
1.092
1.056
0.900
0.944
0.912
1.040
1.132
1.084
1.052
1.056
0.956
1.008
0.972
0.816
0.828
1.152
1.132
1.020
1.124
1.124
1.108
1.084
0.984
1.004
1.092
1.100
1.096
1.096
0.972
1.108
1.168
1.120
0.976
1.080
1.168
1.160
1.076
1.068
1.160
1.132
1.040
1.116
1.148
1.128
1.064
1.012
1.080
1.108
1.060
0.996
1.140
1.112
1.040
0.944
1.084
1.128
1.012
1.116
1.136
1.120
1.104
1.076
1.088
1.116
1.116
1.072
1.008
1.116
1.144
1.132
1.032
1.064
1.116
1.112
1.104
1.064
1.076
1.100
1.048
1.020
1.212
1.172
1.056
1.092
1.164
1.100
1.004
1.152
1.144
1.068
1.092
1.132
1.136
1.060
1.108
1.180
1.120
1.160
1.140
1.120
1.032
1.116
1.148
1.104
1.048
1.104
1.140
1.048
1.076
1.104
1.104
1.108
1.036
1.068
1.112
1.136
1.056
1.100
1.132
1.104
1.000
1.072
1.132
1.128
1.060
1.044
1.108
1.096
0.956
1.032
1.124
1.076
0.972
1.120
1.156
1.076
1.116
1.120
1.100
1.024
1.116
1.148
1.144
1.092
1.060
1.136
1.068
0.848
0.812
0.988
1.028
1.036
1.136
1.124
0.976
1.108
1.104
1.020
0.964
1.060
1.084
0.968
1.024
1.112
1.092
0.972
1.016
1.064
1.036
1.080
1.144
1.116
1.020
1.116
1.144
1.056
0.876
0.908
1.136
1.020
1.008
1.136
1.124
1.008
1.028
1.064
1.092
1.080
0.936
1.004
1.112
1.068
1.020
1.084
1.096
1.052
0.944
1.052
1.092
1.080
0.960
1.068
1.080
0.996
0.884
0.976
1.096
1.052
0.908
1.028
1.104
1.008
1.056
1.068
0.980
1.008
1.076
1.056
0.960
1.068
1.084
0.988
0.908
1.048
1.088
1.080
0.948
0.964
1.068
1.092
1.052
0.936
1.048
1.112
1.112
1.080
0.972
1.044
1.100
1.064
0.952
0.976
1.072
1.104
1.024
1.040
1.124
1.100
1.080
0.936
0.948
1.108
1.072
1.016
1.112
1.124
0.964
1.020
1.116
1.084
0.952
1.080
1.116
1.080
1.024
1.112
1.112
1.040
1.060
1.092
1.072
1.048
0.856
0.760
0.768
1.264
1.144
1.120
1.108
1.068
0.936
0.912
1.032
1.124
1.116
1.108
1.100
1.020
0.924
1.032
1.088
1.088
0.968
0.948
1.072
1.132
1.120
1.004
1.048
1.088
1.056
1.024
0.908
1.004
1.132
1.092
1.044
1.128
1.108
1.124
1.092
1.104
1.088
1.028
0.940
1.000
1.060
1.052
0.916
1.036
1.084
0.992
0.912
0.932
0.864
0.820
0.816
0.836
0.828
0.848
0.936
1.016
0.996
0.984
1.000
0.996
0.916
0.904
1.056
1.096
1.028
1.004
0.976
1.080
1.096
0.988
0.884
0.832
0.804
0.816
0.800
0.796
0.748
0.736
0.724
0.704
0.716
0.764
0.904
0.992
1.028
1.036
0.960
0.972
0.996
1.008
0.964
0.948
0.992
1.064
1.008
0.980
1.172
1.172
1.180
1.172
1.160
1.056
1.152
1.140
1.100
0.936
1.156
1.188
1.088
1.136
1.160
1.156
1.020
1.108
1.160
1.124
1.028
1.172
1.156
1.064
1.064
1.140
1.148
1.088
0.972
1.112
1.136
1.076
1.012
1.100
1.124
1.068
1.088
1.064
0.940
1.068
1.140
1.092
0.936
1.008
1.144
1.124
1.024
1.096
1.032
0.980
0.892
0.848
0.948
1.100
1.072
1.052
1.040
1.036
1.036
1.028
0.900
0.796
0.744
0.728
1.264
1.040
1.112
1.156
1.104
0.908
0.920
1.068
1.060
1.028
0.976
1.116
1.156
1.048
1.044
1.108
1.100
0.972
1.088
1.136
1.108
0.928
1.068
1.108
1.048
1.020
1.092
1.124
1.104
0.964
0.968
1.068
1.096
1.056
0.940
0.960
1.072
1.116
1.052
0.960
1.008
1.040
1.036
0.896
0.944
1.072
1.020
0.936
0.992
1.080
0.992
0.932
1.016
0.968
0.988
1.076
1.092
1.008
0.948
0.988
1.024
1.044
0.904
0.996
1.080
1.040
0.804
0.712
0.728
0.672
0.648
0.644
0.680
0.756
0.812
0.720
0.732
0.824
0.904
0.800
0.820
0.848
0.876
0.884
0.832
0.780
0.784
0.816
0.852
0.804
0.792
0.824
1.060
1.068
0.968
0.828
0.876
1.112
0.932
0.848
0.976
1.140
1.128
0.976
0.884
0.964
1.164
1.148
1.056
0.904
0.920
1.116
0.964
0.968
0.968
0.788
