1.284
1.200
1.152
1.232
1.044
1.316
1.188
1.116
1.400
1.120
1.128
1.356
1.100
1.264
1.304
1.300
1.196
1.320
1.376
1.296
1.352
1.312
1.236
1.156
1.092
1.604
1.368
1.280
1.420
1.220
1.072
1.228
1.140
1.132
1.144
1.516
1.428
1.332
1.316
1.344
1.376
1.516
1.328
1.280
1.292
1.452
1.452
1.420
1.400
1.432
1.536
1.496
1.364
1.264
1.452
1.444
1.376
1.192
1.384
1.508
1.108
1.148
1.192
1.084
1.424
1.324
1.392
1.436
1.348
1.388
1.448
1.316
1.464
1.504
1.392
1.304
1.380
1.360
1.380
1.256
1.412
1.496
1.380
1.292
1.464
1.440
1.256
1.352
1.440
1.392
1.312
1.392
1.284
1.300
1.440
1.324
1.220
1.372
1.408
1.196
1.176
1.132
1.064
1.244
1.252
1.248
1.396
1.368
1.336
1.236
1.288
1.332
1.356
1.284
1.440
1.380
1.340
1.316
1.388
1.324
1.516
1.360
1.312
1.424
1.304
1.396
1.428
1.280
1.384
1.344
1.304
1.512
1.356
1.284
1.376
1.364
1.316
1.336
1.312
1.320
1.284
1.280
1.276
1.368
1.300
1.344
1.352
1.312
1.376
1.240
1.248
1.260
1.076
1.116
1.128
1.364
1.348
1.308
1.272
1.408
1.384
1.228
1.360
1.344
1.224
1.356
1.400
1.460
1.340
1.376
1.408
1.356
1.268
1.452
1.424
1.296
1.448
1.428
1.284
1.412
1.428
1.224
1.116
1.372
1.236
1.068
1.480
1.240
1.328
1.364
1.332
1.292
1.376
1.312
1.416
1.396
1.272
1.440
1.320
1.236
1.428
1.332
1.276
1.464
1.328
1.304
1.436
1.312
1.444
1.372
1.284
1.444
1.344
1.388
1.408
1.344
1.440
1.268
1.360
1.424
1.400
1.400
1.248
1.424
1.360
1.376
1.392
1.264
1.420
1.320
1.440
1.436
1.428
1.452
1.404
1.504
1.404
1.492
1.332
1.448
1.316
1.424
1.408
1.324
1.292
1.244
1.156
1.092
1.140
1.136
1.196
1.180
1.212
1.196
1.132
1.268
1.236
1.344
1.292
1.268
1.312
1.228
1.372
1.268
1.216
1.412
1.320
1.452
1.348
1.356
1.468
1.296
1.424
1.300
1.384
1.344
1.400
1.408
1.332
1.424
1.296
1.480
1.296
1.436
1.332
1.460
1.404
1.436
1.392
1.296
1.420
1.296
1.432
1.336
1.332
1.284
1.352
1.296
1.308
1.428
1.292
1.356
1.224
1.344
1.312
1.388
1.392
1.360
1.356
1.304
1.380
1.292
1.360
1.248
1.340
1.240
1.288
1.288
1.284
1.376
1.284
1.356
1.216
1.440
1.252
1.340
1.300
1.312
1.404
1.312
1.400
1.228
1.392
1.332
1.356
1.404
1.304
1.488
1.292
1.408
1.268
1.360
1.360
1.396
1.376
1.292
1.400
1.244
1.216
1.124
1.296
1.304
1.256
1.236
1.088
0.936
0.904
0.988
1.100
1.356
1.236
1.296
1.276
1.196
1.328
1.212
1.276
1.344
1.312
1.248
1.400
1.396
1.244
1.380
1.400
1.236
1.376
1.436
1.444
1.424
1.372
1.408
1.344
1.436
1.248
1.396
1.268
1.364
1.392
1.244
1.432
1.372
1.384
1.268
1.244
1.320
1.184
1.320
1.252
1.316
1.352
1.340
1.424
1.284
1.420
1.380
1.380
1.364
1.284
1.368
1.280
1.408
1.320
1.340
1.440
1.400
1.404
1.328
1.436
1.240
1.388
1.308
1.408
1.468
1.384
1.316
1.160
1.328
1.380
1.256
1.376
1.332
1.316
1.432
1.272
1.436
1.300
1.296
1.448
1.272
1.356
1.280
1.248
1.516
1.428
1.288
1.412
1.372
1.344
1.272
1.344
1.200
1.172
1.396
1.132
1.028
1.032
1.004
0.952
1.396
1.252
1.276
1.284
1.204
1.284
1.280
1.220
1.312
1.300
1.296
1.328
1.216
1.364
1.336
1.344
1.336
1.172
1.384
1.328
1.336
1.372
1.244
1.396
1.260
1.352
1.224
1.132
1.336
1.300
1.288
1.200
1.200
1.340
1.264
1.300
1.348
1.252
1.340
1.376
1.404
1.396
1.288
1.344
1.320
1.360
1.448
1.332
1.380
1.328
1.304
1.300
1.272
1.296
1.196
1.340
1.176
1.256
1.176
1.256
1.220
1.148
1.344
1.364
1.256
1.332
1.356
1.240
1.308
1.384
1.356
1.248
1.216
1.340
1.244
1.256
1.396
1.236
1.296
1.384
1.304
1.404
1.280
1.216
1.388
1.292
1.344
1.300
1.304
1.392
1.332
1.368
1.348
1.444
1.324
1.364
1.256
1.452
1.352
1.264
1.340
1.208
1.324
1.276
1.296
1.332
1.196
1.300
1.140
1.052
1.180
1.364
1.400
1.272
1.312
1.228
1.256
1.236
1.236
1.320
1.220
1.296
1.260
1.208
1.172
1.216
1.148
1.244
1.184
1.244
1.240
1.208
1.216
1.292
1.224
1.308
1.252
1.276
1.216
1.376
1.312
1.376
1.316
1.308
1.268
1.200
1.340
1.212
1.284
1.284
1.228
1.296
1.140
1.264
1.352
1.240
1.328
1.232
1.356
1.376
1.316
1.344
1.240
1.296
1.208
1.464
1.364
1.264
1.388
1.304
1.412
1.336
1.360
1.388
1.260
1.364
1.320
1.320
1.400
1.260
1.316
1.284
1.216
1.224
1.160
1.200
1.232
1.228
1.368
1.276
1.292
1.280
1.180
1.184
1.080
1.160
1.196
1.236
1.268
1.136
1.164
1.360
1.344
1.360
1.376
1.300
1.416
1.300
1.372
1.380
1.212
1.324
1.268
1.224
1.380
1.296
1.368
1.320
1.276
1.344
1.232
1.352
1.236
1.292
1.312
1.240
1.436
1.268
1.300
1.348
1.276
1.392
1.268
1.336
1.324
1.240
1.340
1.256
1.284
1.404
1.340
1.400
1.256
1.320
1.292
1.296
1.400
1.244
1.384
1.324
1.364
1.332
1.308
1.372
1.244
1.396
1.284
1.304
1.324
1.272
1.380
1.260
1.368
1.420
1.328
1.384
1.408
1.260
1.248
1.360
1.256
1.364
1.396
1.332
1.352
1.252
1.316
1.320
1.248
1.504
1.392
1.220
1.352
1.384
1.340
1.352
1.236
1.392
1.356
1.332
1.408
1.220
1.380
1.316
1.356
1.356
1.256
1.328
1.196
1.264
1.348
1.248
1.460
1.372
1.356
1.260
1.292
1.300
1.284
1.348
1.344
1.212
1.316
1.300
1.220
1.336
1.316
1.248
1.148
1.036
1.084
1.100
1.296
1.216
1.152
1.320
1.304
1.276
1.332
1.248
1.316
1.312
1.248
1.356
1.276
1.292
1.264
1.148
1.256
1.220
1.288
1.340
1.268
1.436
1.324
1.284
1.396
1.232
1.280
1.340
1.248
1.304
1.276
1.204
1.292
1.200
1.256
1.140
1.168
1.316
1.160
1.208
1.244
1.244
1.328
1.220
1.332
1.220
1.256
1.300
1.272
1.356
1.236
1.376
1.240
1.356
1.296
1.360
1.340
1.276
1.348
1.200
1.356
1.244
1.332
1.280
1.332
1.380
1.292
1.452
1.284
1.320
1.324
1.276
1.324
1.224
1.384
1.252
1.308
1.296
1.372
1.384
1.304
1.356
1.272
1.388
1.352
1.296
1.380
1.296
1.432
1.280
1.368
1.328
1.376
1.368
1.292
1.400
1.356
1.348
1.492
1.240
1.280
1.208
0.980
1.060
1.128
1.056
0.948
1.020
1.144
1.356
1.280
1.256
1.332
1.252
1.288
1.308
1.204
1.232
1.196
1.140
1.224
1.168
1.224
1.248
1.172
1.340
1.276
1.284
1.300
1.172
1.312
1.248
1.236
1.268
1.200
1.328
1.328
1.324
1.352
1.276
1.288
1.308
1.316
1.328
1.312
1.420
1.296
1.392
1.344
1.308
1.392
1.316
1.252
1.388
1.340
1.432
1.236
1.268
1.340
1.252
1.348
1.216
1.384
1.296
1.268
1.364
1.272
1.316
1.272
1.404
1.372
1.332
1.356
1.288
1.408
1.400
1.284
1.264
1.152
1.272
1.260
1.264
1.224
1.412
1.340
1.284
1.416
1.264
1.344
1.348
1.244
1.344
1.340
1.244
1.424
1.292
1.344
1.380
1.308
1.420
1.320
1.380
1.416
1.372
1.404
1.268
1.336
1.244
1.376
1.376
1.232
1.460
1.452
1.408
1.420
1.324
1.404
1.256
1.356
1.296
1.332
1.352
1.236
1.396
1.252
1.424
1.412
1.404
1.392
1.276
1.388
1.272
1.352
1.436
1.284
1.360
1.364
1.404
1.388
1.260
1.340
1.256
1.248
1.380
1.272
1.220
1.228
1.180
1.300
1.276
1.260
1.324
1.200
1.188
1.312
1.288
1.192
1.420
1.328
1.324
1.476
1.304
1.376
1.252
1.216
1.408
1.252
1.260
1.148
1.180
1.144
1.008
0.940
0.916
0.912
0.948
1.008
0.976
0.912
0.916
1.188
1.224
1.108
1.116
1.196
1.116
1.164
1.240
1.172
1.284
1.256
1.216
1.328
1.236
1.160
1.340
1.324
1.240
1.276
1.276
1.276
1.352
1.288
1.292
1.416
1.372
1.208
1.332
1.352
1.432
1.312
1.280
1.332
1.256
1.388
1.408
1.336
1.488
1.296
1.452
1.272
1.352
1.280
1.336
1.320
1.284
1.376
1.204
1.388
1.288
1.340
1.368
1.324
1.432
1.312
1.332
1.388
1.356
1.448
1.328
1.312
1.224
1.260
1.440
1.340
1.480
1.308
1.368
1.336
1.284
1.392
1.280
1.348
1.412
1.300
1.396
1.424
1.472
1.480
1.336
1.524
1.452
1.292
1.424
1.288
1.416
1.388
1.372
1.388
1.228
1.348
1.308
1.284
1.448
1.320
1.340
1.364
1.212
1.416
1.352
1.320
1.444
1.364
1.296
1.376
1.196
1.372
1.340
1.404
1.304
1.208
1.196
1.132
1.232
1.140
1.216
1.288
1.156
1.232
1.260
1.136
1.180
1.284
1.208
1.264
1.172
1.276
1.268
1.240
1.316
1.268
1.224
1.320
1.300
1.296
1.348
1.240
1.284
1.408
1.332
1.404
1.416
1.364
1.392
1.216
1.124
1.248
1.216
1.280
1.348
1.308
1.348
1.116
1.080
1.012
0.976
1.344
1.292
1.384
1.224
1.332
1.292
1.308
1.396
1.296
1.344
1.408
1.276
1.492
1.420
1.404
1.408
1.372
1.404
1.524
1.416
1.428
1.504
1.232
1.432
1.504
1.372
1.344
1.396
1.444
1.560
1.368
1.296
1.268
1.184
1.316
1.152
1.216
1.184
1.044
1.000
1.056
1.344
1.316
1.256
1.248
1.260
1.112
0.972
0.956
1.020
1.124
1.200
1.260
1.260
1.224
1.376
1.416
1.404
1.312
1.224
1.308
1.240
1.236
1.396
1.292
1.308
1.408
1.256
1.400
1.440
1.256
1.320
1.236
1.272
1.308
1.204
1.392
1.264
1.308
1.208
1.088
1.212
1.192
1.352
1.284
1.292
1.380
1.352
1.436
1.312
1.392
1.288
1.404
1.316
1.348
1.444
1.312
1.332
1.360
1.472
1.524
1.408
1.464
1.404
1.468
1.488
1.356
1.392
1.328
1.564
1.500
1.388
1.476
1.392
1.348
1.472
1.288
1.096
1.176
1.316
1.228
1.416
1.256
1.404
1.304
1.344
1.316
1.336
1.364
1.292
1.436
1.352
1.368
1.476
1.336
1.404
1.444
1.388
1.256
1.212
1.248
1.196
1.264
1.260
1.160
1.092
0.952
1.084
1.216
1.176
1.344
1.248
1.400
1.300
1.284
1.336
1.248
1.368
1.316
1.508
1.444
1.472
1.472
1.332
1.468
1.316
1.380
1.316
1.468
1.356
1.580
1.400
1.496
1.420
1.400
1.516
1.456
1.432
1.500
1.520
1.552
1.632
1.576
1.608
1.464
1.640
1.520
1.588
1.464
1.632
1.412
1.536
1.412
1.552
1.464
1.556
1.488
1.424
1.544
1.420
1.644
1.464
1.420
1.400
1.372
1.552
1.552
1.568
1.528
1.416
1.540
1.392
1.584
1.480
1.452
1.524
1.388
1.476
1.436
1.480
1.444
1.424
1.492
1.420
1.412
1.460
1.356
1.692
1.388
1.492
1.560
1.348
1.488
1.504
1.384
1.540
1.356
1.524
1.396
1.624
1.400
1.520
1.408
1.444
1.480
1.376
1.552
1.364
1.452
1.404
1.460
1.476
1.380
1.488
1.288
1.468
1.456
1.396
1.412
1.324
1.532
1.308
1.404
1.456
1.428
1.384
1.332
1.472
1.328
1.476
1.300
1.528
1.392
1.376
1.436
1.300
1.516
1.320
1.508
1.332
1.348
1.488
1.408
1.476
1.324
1.460
1.308
1.468
1.388
1.436
1.372
1.320
1.564
1.388
1.548
1.424
1.476
1.496
1.476
1.444
1.316
1.488
1.328
1.448
1.404
1.320
1.468
1.296
1.392
1.324
1.356
1.408
1.392
1.464
1.328
1.504
1.308
1.364
1.328
1.364
1.504
1.340
1.452
1.324
1.516
1.372
1.300
1.388
1.268
1.500
1.424
1.304
1.420
1.304
1.396
1.372
1.360
1.372
1.304
1.576
1.364
1.404
1.408
1.376
1.428
1.288
1.460
1.308
1.340
1.424
1.372
1.448
1.304
1.448
1.440
1.364
1.512
1.404
1.372
1.388
1.356
1.540
1.480
1.564
1.424
1.552
1.384
1.548
1.384
1.552
1.388
1.528
1.516
1.468
1.412
1.336
1.500
1.292
1.404
1.324
1.376
1.416
1.312
1.452
1.308
1.388
1.208
1.460
1.384
1.372
1.372
1.304
1.412
1.232
1.432
1.300
1.376
1.388
1.440
1.468
1.364
1.428
1.420
1.464
1.312
1.500
1.312
1.432
1.360
1.364
1.516
1.352
1.404
1.392
1.372
1.404
1.280
1.580
1.412
1.360
1.496
1.340
1.452
1.392
1.388
1.372
1.292
1.392
1.252
1.376
1.280
1.376
1.376
1.448
1.368
1.384
1.500
1.324
1.428
1.264
1.396
1.452
1.312
1.488
1.296
1.512
1.448
1.392
1.416
1.336
1.472
1.328
1.436
1.332
1.428
1.324
1.332
1.384
1.284
1.444
1.296
1.404
1.296
1.408
1.428
1.264
1.412
1.404
1.336
1.424
1.264
1.384
1.404
1.312
1.380
1.284
1.428
1.540
1.456
1.520
1.424
1.484
1.308
1.484
1.420
1.340
1.608
1.348
1.552
1.424
1.448
1.372
1.420
1.368
1.320
1.528
1.300
1.316
1.204
1.320
1.352
1.124
1.128
1.108
1.044
1.248
1.288
1.428
1.332
1.388
1.352
1.356
1.376
1.280
1.392
1.280
1.380
1.340
1.340
1.408
1.412
1.388
1.228
1.372
1.416
1.344
1.412
1.364
1.448
1.300
1.464
1.424
1.444
1.420
1.352
1.400
1.312
1.516
1.328
1.396
1.336
1.400
1.412
1.364
1.436
1.392
1.404
1.324
1.464
1.392
1.488
1.348
1.464
1.516
1.432
1.436
1.432
1.420
1.320
1.456
1.288
1.416
1.428
1.436
1.456
1.348
1.424
1.256
1.384
1.384
1.416
1.416
1.252
1.432
1.300
1.384
1.408
1.372
1.532
1.428
1.424
1.296
1.668
1.432
1.496
1.368
1.420
1.336
1.352
1.356
1.400
1.392
1.328
1.376
1.300
1.404
1.288
1.456
1.304
1.420
1.356
1.456
1.444
1.364
1.396
1.288
1.532
1.280
1.372
1.340
1.244
1.500
1.320
1.360
1.320
1.464
1.484
1.404
1.456
1.312
1.560
1.400
1.412
1.440
1.452
1.468
1.436
1.640
1.420
1.532
1.412
1.384
1.488
1.468
1.492
1.316
1.460
1.420
1.284
1.440
1.284
1.344
1.364
1.288
1.284
1.136
1.144
1.192
1.216
1.212
1.132
1.236
1.220
1.148
1.252
1.296
1.160
1.328
1.424
1.292
1.488
1.400
1.376
1.416
1.368
1.460
1.272
1.544
1.464
1.400
1.340
1.248
1.368
1.272
1.460
1.344
1.360
1.456
1.368
1.512
1.332
1.392
1.288
1.408
1.620
1.432
1.516
1.336
1.432
1.568
1.508
1.516
1.420
1.516
1.412
1.416
1.588
1.356
1.380
1.444
1.296
1.484
1.264
1.232
1.476
1.368
1.496
1.428
1.360
1.440
1.340
1.340
1.356
1.268
1.456
1.264
1.520
1.656
1.408
1.416
1.496
1.452
1.492
1.356
1.532
1.436
1.532
1.480
1.308
1.420
1.332
1.596
1.508
1.428
1.528
1.432
1.376
1.468
1.224
1.352
1.544
1.508
1.432
1.336
1.496
1.416
1.380
1.484
1.492
1.348
1.440
1.232
1.512
1.400
1.400
1.412
1.412
1.424
1.304
1.484
1.328
1.320
1.332
1.288
1.616
1.364
1.428
1.496
1.360
1.508
1.516
1.244
1.488
1.380
1.532
1.484
1.352
1.420
1.364
1.352
1.444
1.328
1.312
1.308
1.400
1.484
1.280
1.428
1.400
1.336
1.564
1.356
1.332
1.384
1.576
1.504
1.464
1.512
1.476
1.456
1.532
1.600
1.376
1.576
1.496
1.516
1.428
1.452
1.560
1.448
1.408
1.480
1.448
1.560
1.396
1.308
1.576
1.300
1.348
1.444
1.404
1.496
1.312
1.504
1.376
1.432
1.468
1.292
1.516
1.444
1.328
1.632
1.332
1.312
1.240
1.580
1.436
1.572
1.440
1.360
1.332
1.212
1.224
1.164
1.128
1.060
1.164
1.188
1.312
1.252
1.160
1.240
1.176
1.264
1.360
1.288
1.288
1.396
1.344
1.296
1.472
1.480
1.280
1.380
1.284
1.496
1.456
1.276
1.504
1.332
1.372
1.456
1.316
1.412
1.312
1.412
1.384
1.368
1.376
1.296
1.416
1.256
1.308
1.248
1.024
1.048
1.052
1.108
1.356
1.296
1.364
1.296
1.352
1.384
1.424
1.468
1.392
1.388
1.440
1.404
1.396
1.424
1.252
1.376
1.336
1.172
1.372
1.176
1.296
1.212
1.192
1.188
1.068
1.184
1.236
1.220
1.368
1.248
1.448
1.440
1.480
1.464
1.448
1.520
1.376
1.272
1.160
1.264
1.220
1.240
1.064
1.164
1.160
1.124
1.072
1.012
0.956
0.980
1.240
1.188
1.240
1.248
1.260
1.312
1.240
1.252
1.272
1.228
1.392
1.412
1.260
1.364
1.348
1.224
1.356
1.336
1.296
1.444
1.316
1.364
1.304
1.280
1.416
1.304
1.412
1.264
1.328
1.328
1.260
1.360
1.260
1.428
1.392
1.376
1.388
1.280
1.376
1.284
1.440
1.384
1.356
1.400
1.272
1.452
1.380
1.364
1.448
1.332
1.408
1.304
1.404
1.404
1.412
1.476
1.268
1.376
1.324
1.392
1.404
1.332
1.392
1.248
1.372
1.280
1.264
1.352
1.288
1.344
1.276
1.260
1.320
1.216
1.356
1.256
1.356
1.384
1.328
1.432
1.444
1.560
1.352
1.404
1.328
1.448
1.432
1.408
1.440
1.364
1.556
1.352
1.444
1.408
1.456
1.460
1.404
1.500
1.344
1.472
1.380
1.440
1.324
1.340
1.456
1.428
1.456
1.276
1.428
1.328
1.360
1.448
1.400
1.436
1.288
1.436
1.316
1.440
1.388
1.400
1.404
1.312
1.472
1.296
1.468
1.368
1.436
1.448
1.344
1.524
1.336
1.368
1.268
1.364
1.356
1.380
1.300
1.232
1.368
1.188
1.208
1.180
1.116
1.104
1.092
1.308
1.212
1.236
1.332
1.252
1.316
1.248
1.088
1.076
0.928
0.916
0.916
0.908
0.952
1.060
1.172
1.244
1.176
1.232
1.184
1.180
1.308
1.196
1.236
1.304
1.196
1.408
1.380
1.372
1.324
1.284
1.412
1.320
1.528
1.440
1.500
1.376
1.452
1.364
1.364
1.288
1.404
1.448
1.192
1.208
1.084
1.112
1.236
1.200
1.336
1.308
1.248
1.336
1.196
1.252
1.352
1.288
1.244
1.348
1.256
1.396
1.316
1.368
1.372
1.308
1.424
1.272
1.368
1.424
1.376
1.444
1.304
1.368
1.376
1.312
1.256
1.112
1.276
1.252
1.284
1.480
1.436
1.404
1.252
1.304
1.264
1.224
1.328
1.200
1.284
1.340
1.268
1.344
1.200
1.272
1.372
1.300
1.384
1.216
1.312
1.412
1.344
1.372
1.220
1.352
1.444
1.284
1.464
1.464
1.428
1.392
1.264
1.472
1.452
1.196
1.180
1.132
1.048
1.120
1.204
1.344
1.236
1.280
1.308
1.156
1.288
1.348
1.252
1.408
1.288
1.396
1.324
1.272
1.420
1.252
1.400
1.324
1.280
1.408
1.248
1.356
1.320
1.172
1.400
1.392
1.384
1.316
1.156
1.152
1.072
0.992
0.940
1.112
1.304
1.328
1.316
1.276
1.260
1.156
1.328
1.288
1.304
1.316
1.280
1.380
1.324
1.384
1.332
1.344
1.384
1.248
1.356
1.320
1.408
1.400
1.260
1.416
1.260
1.324
1.412
1.264
1.456
1.320
1.420
1.404
1.224
1.436
1.364
1.352
1.516
1.492
1.440
1.328
1.388
1.264
1.412
1.316
1.276
1.400
1.228
1.328
1.336
1.236
1.356
1.332
1.352
1.356
1.260
1.388
1.268
1.464
1.320
1.368
1.368
1.388
1.388
1.296
1.416
1.304
1.436
1.352
1.364
1.368
1.260
1.376
1.328
1.344
1.432
1.244
1.348
1.372
1.328
1.400
1.256
1.408
1.280
1.436
1.284
1.336
1.292
1.308
1.380
1.260
1.404
1.280
1.316
1.348
1.072
1.196
1.352
1.356
1.408
1.276
1.456
1.332
1.132
1.156
1.444
1.412
1.284
1.408
1.252
1.340
1.304
1.308
1.476
1.412
1.500
1.332
1.372
1.368
1.152
1.124
1.332
1.384
1.368
1.180
1.212
1.176
1.044
1.800
0.960
1.164
1.000
0.964
1.064
1.192
1.208
1.256
1.296
1.256
1.232
1.236
1.244
1.244
1.252
1.252
1.284
1.304
1.208
1.536
1.400
1.332
1.460
1.280
1.344
1.220
1.316
1.400
1.360
1.376
1.276
1.392
1.284
1.428
1.340
1.312
1.400
1.388
1.496
1.364
1.404
1.272
1.420
1.344
1.416
1.428
1.296
1.432
1.300
1.404
1.316
1.336
1.400
1.264
1.396
1.272
1.444
1.368
1.364
1.428
1.392
1.392
1.236
1.312
1.264
1.272
1.472
1.328
1.436
1.308
1.380
1.336
1.344
1.452
1.276
1.436
1.340
1.388
1.368
1.280
1.332
1.212
1.372
1.352
1.316
1.500
1.420
1.340
1.460
1.348
1.536
1.304
1.416
1.344
1.360
1.376
1.220
1.316
1.224
1.308
1.316
1.220
1.356
1.216
1.272
1.236
1.220
1.324
1.240
1.344
1.212
1.168
1.104
0.980
0.948
1.104
1.348
1.296
1.200
1.248
1.220
1.200
1.300
1.244
1.232
1.308
1.252
1.404
1.352
1.300
1.444
1.384
1.292
1.552
1.328
1.460
1.328
1.304
1.376
1.208
1.408
1.428
1.480
1.400
1.352
1.452
1.272
1.340
1.304
1.364
1.448
1.320
1.420
1.228
1.332
1.540
1.340
1.464
1.412
1.544
1.388
1.424
1.424
1.344
1.432
1.260
1.412
1.412
1.332
1.448
1.276
1.368
1.344
1.380
1.396
1.276
1.412
1.276
1.412
1.316
1.392
1.320
1.296
1.312
1.224
1.400
1.304
1.392
1.424
1.264
1.364
1.300
1.256
1.216
1.152
1.520
1.324
1.336
1.296
1.204
1.300
1.184
1.288
1.304
1.212
1.432
1.332
1.388
1.368
1.332
1.388
1.284
1.396
1.268
1.364
1.288
1.256
1.308
1.112
1.092
1.032
0.972
0.972
1.352
1.180
1.000
0.968
1.084
1.192
1.288
1.304
1.284
1.296
1.176
1.264
1.260
1.188
1.344
1.388
1.236
1.464
1.352
1.292
1.408
1.308
1.432
1.424
1.348
1.500
1.452
1.372
1.508
1.356
1.484
1.320
1.376
1.512
1.328
1.428
1.496
1.256
1.420
1.332
1.476
1.476
1.472
1.512
1.332
1.396
1.320
1.344
1.448
1.408
1.320
1.412
1.336
1.516
1.608
1.360
1.408
1.492
1.396
1.452
1.324
1.436
1.264
1.372
1.296
1.364
1.352
1.308
1.480
1.368
1.372
1.420
1.468
1.532
1.324
1.440
1.440
1.312
1.620
1.408
1.540
1.516
1.340
1.492
1.428
1.228
1.564
1.356
1.436
1.324
1.356
1.300
1.300
1.336
1.220
1.332
1.156
1.280
1.268
1.236
1.372
1.204
1.356
1.252
1.344
1.464
1.384
1.500
1.448
1.420
1.312
1.420
1.420
1.376
1.376
1.292
1.404
1.260
1.272
1.464
1.368
1.400
1.260
1.504
1.364
1.340
1.372
1.252
1.372
1.308
1.360
1.436
1.408
1.472
1.320
1.400
1.256
1.364
1.360
1.364
1.500
1.364
1.336
1.480
1.396
1.428
1.340
1.176
1.560
1.376
1.512
1.300
1.412
1.400
1.288
1.400
1.360
1.320
1.356
1.172
1.448
1.380
1.324
1.360
1.252
1.352
1.176
1.172
1.116
1.064
1.064
1.148
1.144
1.268
1.160
1.244
1.360
1.284
1.396
1.240
1.296
1.320
1.336
1.500
1.372
1.484
1.344
1.372
1.412
1.284
1.420
1.280
1.292
1.196
1.244
1.216
1.052
1.096
1.132
1.024
1.060
1.260
1.232
1.364
1.280
1.324
1.272
1.220
1.244
1.160
1.308
1.380
1.204
1.332
1.376
1.340
1.436
1.332
1.356
1.344
1.320
1.400
1.276
1.416
1.268
1.356
1.364
1.320
1.616
1.356
1.324
1.464
1.220
1.368
1.292
1.292
1.396
1.268
1.344
1.216
1.156
1.080
0.972
0.940
1.040
1.352
1.276
1.196
1.200
1.224
1.164
1.040
0.948
0.968
1.160
1.304
1.272
1.276
1.204
1.268
1.280
1.232
1.260
1.180
1.064
0.968
0.952
0.956
1.132
1.212
1.212
1.132
1.300
1.300
1.284
1.368
1.304
1.248
1.300
1.224
1.272
1.252
1.216
1.368
1.232
1.300
1.380
1.296
1.392
1.244
1.388
1.348
1.296
1.504
1.344
1.400
1.384
1.300
1.412
1.288
1.412
1.296
1.412
1.440
1.416
1.396
1.448
1.320
1.444
1.500
1.348
1.476
1.364
1.352
1.284
1.364
1.500
1.352
1.428
1.388
1.244
1.424
1.276
1.252
1.148
1.092
1.124
1.052
1.020
0.976
1.104
1.224
1.256
1.148
1.192
1.200
1.244
1.252
1.196
1.276
1.180
1.332
1.352
1.196
1.340
1.268
1.384
1.456
1.456
1.420
1.276
1.372
1.348
1.428
1.500
1.388
1.428
1.456
1.324
1.460
1.456
1.360
1.352
1.316
1.512
1.396
1.284
1.328
1.208
1.428
1.376
1.252
1.396
1.312
1.304
1.272
1.272
1.516
1.292
1.392
1.320
1.380
1.432
1.268
1.500
1.416
1.284
1.288
1.124
1.132
1.100
1.160
1.284
1.156
1.280
1.244
1.196
1.304
1.160
1.208
1.204
1.256
1.312
1.204
1.280
1.352
1.260
1.416
1.356
1.348
1.228
1.320
1.364
1.324
1.232
1.376
1.336
1.208
1.216
1.308
1.224
1.068
1.104
1.096
1.052
0.952
0.976
1.124
1.264
1.312
1.248
1.312
1.300
1.304
1.372
1.244
1.332
1.352
1.296
1.380
1.172
1.388
1.340
1.384
1.452
1.404
1.412
1.288
1.436
1.316
1.376
1.468
1.404
1.456
1.424
1.336
1.468
1.324
1.408
1.316
1.412
1.324
1.336
1.392
1.240
1.320
1.336
1.216
1.392
1.240
1.348
1.280
1.196
1.288
1.128
1.196
1.148
1.092
1.116
1.076
1.060
1.064
1.036
1.276
1.236
1.232
1.304
1.200
1.280
1.316
1.316
1.320
1.304
1.396
1.260
1.356
1.340
1.364
1.408
1.292
1.452
1.396
1.448
1.296
1.428
1.348
1.496
1.404
1.428
1.384
1.424
1.340
1.404
1.368
1.384
1.380
1.412
1.456
1.276
1.308
1.252
1.408
1.324
1.348
1.316
1.360
1.316
1.388
1.288
1.304
1.324
1.188
1.324
1.220
1.240
1.284
1.332
1.420
1.324
1.412
1.260
1.384
1.288
1.376
1.340
1.340
1.404
1.308
1.412
1.280
1.356
1.296
1.404
1.368
1.376
1.384
1.348
1.424
1.356
1.412
1.276
1.388
1.280
1.368
1.368
1.352
1.360
1.304
1.436
1.272
1.416
1.304
1.324
1.332
1.264
1.408
1.244
1.332
1.304
1.348
1.380
1.316
1.400
1.284
1.420
1.288
1.348
1.324
1.296
1.396
1.260
1.400
1.352
1.356
1.364
1.240
1.344
1.316
1.280
1.344
1.192
1.308
1.304
1.288
1.376
1.236
1.328
1.300
1.364
1.388
1.304
1.400
1.336
1.392
1.296
1.360
1.348
1.320
1.360
1.284
1.348
1.272
1.356
1.216
1.192
1.064
0.992
1.020
1.184
1.224
1.196
1.132
1.104
1.084
1.064
1.168
1.100
1.064
1.040
1.004
1.088
1.124
1.020
1.092
1.152
1.028
1.048
1.216
1.220
1.284
1.168
1.244
1.260
1.276
1.312
1.196
1.304
1.240
1.300
1.328
1.284
1.348
1.224
1.336
1.288
1.360
1.344
1.292
1.340
1.236
1.360
1.232
1.372
1.308
1.288
1.376
1.212
1.336
1.292
1.324
1.336
1.340
1.404
1.376
1.464
1.268
1.360
1.300
1.288
1.360
1.248
1.412
1.332
1.332
1.440
1.352
1.352
1.252
1.352
1.300
1.544
1.312
1.320
1.260
1.324
1.336
1.328
1.344
1.240
1.480
1.324
1.352
1.312
1.316
1.316
1.176
1.172
1.136
1.084
1.292
1.308
1.316
1.304
1.232
1.324
1.232
1.324
1.212
1.276
1.284
1.296
1.356
1.260
1.336
1.228
1.324
1.228
1.332
1.336
1.340
1.340
1.328
1.280
1.328
1.280
1.320
1.268
1.316
1.292
1.308
1.312
1.252
1.384
1.204
1.344
1.332
1.332
1.396
1.224
1.404
1.380
1.392
1.424
1.436
1.348
1.200
1.276
1.212
1.376
1.320
1.284
1.344
1.236
1.336
1.212
1.240
1.240
1.156
1.232
1.224
1.000
0.980
0.976
0.908
0.988
1.052
1.192
1.332
1.280
1.204
1.212
1.152
1.252
1.216
1.244
1.292
1.208
1.284
1.236
1.300
1.364
1.344
1.376
1.264
1.360
1.368
1.364
1.320
1.304
1.428
1.248
1.312
1.248
1.276
1.428
1.292
1.400
1.308
1.464
1.312
1.392
1.268
1.364
1.252
1.384
1.272
1.344
1.364
1.348
1.356
1.340
1.348
1.372
1.340
1.404
1.340
1.364
1.380
1.308
1.464
1.316
1.464
1.344
1.368
1.308
1.280
1.372
1.252
1.436
1.276
1.296
1.344
1.296
1.408
1.324
1.412
1.472
1.388
1.356
1.268
1.172
1.428
1.264
1.400
1.172
1.168
1.172
1.240
1.360
1.248
1.400
1.268
1.368
1.420
1.296
1.396
1.296
1.444
1.448
1.400
1.504
1.444
1.416
1.412
1.380
1.480
1.296
1.396
1.268
1.256
1.380
1.312
1.428
1.220
1.368
1.208
1.336
1.364
1.312
1.304
1.244
1.324
1.128
1.216
1.228
1.196
1.140
1.136
1.224
1.100
1.028
0.944
0.932
0.876
0.888
0.952
0.952
0.932
0.864
0.836
0.804
0.840
0.816
0.804
0.816
0.828
0.844
0.884
0.916
0.912
0.900
0.900
0.872
0.856
0.868
0.904
0.988
1.148
1.176
1.208
1.336
1.260
1.188
1.212
1.124
1.196
1.132
1.260
1.280
1.196
1.272
1.172
1.340
1.188
1.316
1.284
1.280
1.404
1.352
1.380
1.344
1.392
1.380
1.456
1.352
1.444
1.340
1.468
1.352
1.444
1.304
1.428
1.396
1.344
1.432
1.324
1.364
1.332
1.364
1.372
1.340
1.420
1.324
1.440
1.272
1.392
1.268
1.364
1.304
1.292
1.408
1.248
1.360
1.228
1.372
1.396
1.360
1.376
1.312
1.428
1.288
1.248
1.296
1.388
1.472
1.388
1.396
1.328
1.352
1.228
1.360
1.212
1.344
1.220
1.260
1.320
1.292
1.348
1.280
1.420
1.300
1.372
1.356
1.352
1.364
1.220
1.220
1.092
1.108
1.088
0.968
0.992
1.316
1.392
1.252
1.304
1.268
1.244
1.284
1.192
1.300
1.296
1.300
1.456
1.304
1.420
1.328
1.412
1.344
1.352
1.444
1.428
1.512
1.456
1.404
1.400
1.456
1.344
1.452
1.340
1.452
1.300
1.448
1.308
1.304
1.424
1.292
1.328
1.260
1.452
1.404
1.296
1.448
1.368
1.376
1.248
1.220
1.344
1.248
1.388
1.276
1.320
1.180
1.232
1.264
1.344
1.284
1.176
1.236
1.180
1.312
1.220
1.240
1.200
1.228
1.272
1.224
1.280
1.192
1.416
1.272
1.324
1.200
1.292
1.280
1.268
1.292
1.244
1.340
1.236
1.312
1.268
1.356
1.384
1.236
1.392
1.356
1.244
1.360
1.340
1.492
1.288
1.352
1.372
1.420
1.432
1.324
1.336
1.180
1.356
1.332
1.400
1.296
1.288
1.244
1.104
1.140
1.120
0.968
0.908
0.888
0.908
0.952
1.032
1.284
1.224
1.116
1.112
1.012
1.068
1.300
1.172
1.256
1.320
1.260
1.360
1.236
1.292
1.244
1.368
1.300
1.348
1.484
1.328
1.420
1.412
1.264
1.536
1.420
1.276
1.300
1.112
1.164
1.212
1.436
1.356
1.360
1.352
1.340
1.348
1.256
1.344
1.212
1.300
1.196
1.336
1.344
1.292
1.344
1.240
1.392
1.472
1.396
1.436
1.376
1.436
1.420
1.344
1.388
1.260
1.216
1.276
1.240
1.588
1.332
1.396
1.236
1.336
1.236
1.268
1.400
1.212
1.440
1.248
1.392
1.376
1.300
1.312
1.092
1.136
1.120
1.164
1.292
1.236
1.336
1.204
1.268
1.224
1.216
1.268
1.144
1.116
1.000
0.968
1.332
1.336
1.292
1.240
1.296
1.168
1.160
1.276
1.256
1.272
1.416
1.272
1.440
1.380
1.248
1.336
1.292
1.436
1.484
1.316
1.420
1.436
1.352
1.548
1.348
1.268
1.356
1.332
1.560
1.324
1.276
1.124
1.156
1.208
1.068
1.064
0.960
0.932
0.932
0.944
1.152
1.232
1.192
1.192
1.156
1.196
1.196
1.112
1.108
1.304
1.292
1.340
1.328
1.288
1.392
1.288
1.412
1.216
1.436
1.396
1.384
1.360
1.392
1.432
1.368
1.492
1.388
1.492
1.520
1.604
1.528
1.604
1.572
1.496
1.428
1.520
1.416
1.536
1.580
1.564
1.524
1.480
1.484
1.464
1.432
1.336
1.524
1.420
1.432
1.512
1.520
1.488
1.504
1.496
1.560
1.600
1.604
1.600
1.600
1.576
1.572
1.536
1.524
1.528
1.440
1.620
1.388
1.608
1.448
1.584
1.388
1.468
1.428
1.408
1.492
1.388
1.484
1.256
1.500
1.408
1.444
1.420
1.484
1.428
1.388
1.440
1.312
1.424
1.308
1.672
1.428
1.528
1.388
1.448
1.396
1.544
1.524
1.500
1.536
1.512
1.488
1.444
1.532
1.420
1.436
1.424
1.476
1.416
1.352
1.320
1.424
1.296
1.560
1.384
1.484
1.368
1.344
1.400
1.396
1.520
1.420
1.460
1.360
1.416
1.356
1.500
1.336
1.452
1.332
1.488
1.376
1.436
1.360
1.408
1.384
1.476
1.400
1.440
1.384
1.448
1.444
1.472
1.544
1.540
1.524
1.428
1.500
1.392
1.524
1.332
1.464
1.412
1.496
1.372
1.372
1.448
1.344
1.388
1.220
1.432
1.284
1.400
1.384
1.420
1.508
1.264
1.408
1.256
1.392
1.232
1.352
1.268
1.288
1.352
1.300
1.424
1.340
1.400
1.272
1.436
1.400
1.424
1.388
1.408
1.408
1.524
1.452
1.428
1.512
1.344
1.508
1.340
1.472
1.484
1.424
1.464
1.460
1.424
1.292
1.520
1.340
1.504
1.308
1.516
1.476
1.368
1.312
1.336
1.404
1.376
1.352
1.320
1.368
1.220
1.308
1.200
1.224
1.328
1.336
1.396
1.356
1.496
1.460
1.432
1.376
1.564
1.388
1.436
1.476
1.400
1.544
1.396
1.504
1.416
1.532
1.492
1.328
1.476
1.308
1.488
1.344
1.444
1.340
1.368
1.288
1.472
1.260
1.340
1.196
1.652
1.360
1.416
1.356
1.336
1.420
1.608
1.452
1.328
1.384
1.360
1.500
1.440
1.552
1.412
1.384
1.288
1.368
1.472
1.436
1.448
1.440
1.360
1.160
1.280
1.168
1.092
0.996
1.040
1.268
1.360
1.196
1.336
1.264
1.300
1.264
1.292
1.380
1.368
1.364
1.296
1.380
1.180
1.404
1.336
1.388
1.376
1.424
1.460
1.384
1.480
1.428
1.596
1.472
1.380
1.524
1.384
1.428
1.560
1.192
1.340
1.468
1.328
1.432
1.340
1.416
1.388
1.280
1.324
1.296
1.336
1.216
1.240
1.308
1.168
1.260
1.140
1.140
1.100
1.136
1.300
1.228
1.336
1.228
1.324
1.244
1.376
1.276
1.328
1.276
1.300
1.236
1.236
1.480
1.300
1.416
1.316
1.532
1.380
1.272
1.360
1.228
1.420
1.292
1.392
1.456
1.424
1.456
1.372
1.488
1.324
1.464
1.368
1.356
1.360
1.164
1.280
1.248
1.372
1.220
1.368
1.292
1.480
1.344
1.432
1.288
1.456
1.352
1.396
1.324
1.340
1.468
1.376
1.396
1.372
1.460
1.380
1.464
1.400
1.388
1.316
1.504
1.260
1.416
1.364
1.452
1.364
1.360
1.504
1.332
1.404
1.364
1.472
1.456
1.336
1.360
1.260
1.432
1.380
1.280
1.284
1.136
1.260
1.212
1.224
1.344
1.188
1.312
1.396
1.340
1.456
1.228
1.160
1.104
0.988
1.484
1.328
1.404
1.320
1.408
1.328
1.384
1.384
1.404
1.400
1.380
1.424
1.304
1.356
1.356
1.436
1.288
1.372
1.256
1.400
1.304
1.316
1.292
1.376
1.420
1.348
1.484
1.336
1.320
1.344
1.428
1.500
1.320
1.452
1.504
1.308
1.448
1.224
1.404
1.256
1.364
1.280
1.372
1.340
1.312
1.340
1.284
1.388
1.276
1.352
1.284
1.348
1.488
1.292
1.384
1.292
1.308
1.296
1.216
1.280
1.204
1.420
1.296
1.368
1.308
1.396
1.384
1.236
1.404
1.380
1.352
1.384
1.280
1.476
1.316
1.300
1.408
1.388
1.468
1.328
1.436
1.380
1.372
1.568
1.384
1.444
1.260
1.340
1.280
1.364
1.388
1.396
1.440
1.312
1.452
1.380
1.324
1.300
1.232
1.316
1.232
1.252
1.156
1.268
1.224
1.288
1.264
1.356
1.320
1.216
1.276
1.160
1.276
1.280
1.232
1.296
1.220
1.276
1.248
1.188
1.324
1.292
1.172
1.280
1.348
1.324
1.316
1.212
1.424
1.268
1.336
1.324
1.276
1.492
1.332
1.420
1.300
1.424
1.428
1.380
1.468
1.368
1.460
1.288
1.384
1.280
1.384
1.184
1.244
1.200
1.240
1.300
1.124
1.072
0.972
0.944
1.032
1.392
1.332
1.240
1.300
1.320
1.216
1.260
1.144
1.256
1.336
1.296
1.400
1.284
1.452
1.364
1.328
1.364
1.168
1.308
1.344
1.324
1.432
1.184
1.160
1.208
1.260
1.320
1.168
1.304
1.388
1.288
1.412
1.384
1.448
1.448
1.356
1.332
1.444
1.348
1.444
1.320
1.356
1.520
1.380
1.380
1.196
1.404
1.304
1.392
1.404
1.304
1.356
1.208
1.412
1.300
1.316
1.312
1.284
1.404
1.188
0.992
1.064
1.244
1.160
1.248
1.220
1.312
1.252
1.160
1.264
1.376
1.308
1.280
1.224
1.160
1.212
1.088
1.072
0.980
0.916
0.908
0.960
1.132
1.136
1.112
1.152
1.068
1.012
1.032
0.944
0.908
0.936
1.180
1.152
1.144
1.332
1.288
1.276
1.324
1.240
1.320
1.364
1.288
1.364
1.324
1.348
1.428
1.296
1.348
1.420
1.272
1.372
1.464
1.112
1.248
1.268
1.228
1.324
1.192
1.352
1.188
1.288
1.360
1.312
1.472
1.364
1.324
1.480
1.284
1.416
1.464
1.376
1.500
1.516
1.280
1.432
1.152
1.116
1.168
1.172
1.264
1.096
1.272
1.252
1.292
1.280
1.216
1.336
1.204
1.208
1.204
1.032
0.980
0.924
0.908
1.064
1.252
1.320
1.184
1.224
1.088
1.144
1.340
1.236
1.304
1.396
1.296
1.396
1.272
1.384
1.348
1.192
1.176
1.140
1.100
1.060
1.024
0.960
0.968
0.976
1.056
1.200
1.200
1.164
1.248
1.196
1.244
1.356
1.184
1.324
1.256
1.284
1.352
1.216
1.564
1.276
1.404
1.372
1.300
1.392
1.196
1.368
1.280
1.392
1.332
1.288
1.480
1.372
1.468
1.284
1.360
1.312
1.280
1.428
1.380
1.332
1.420
1.380
1.464
1.464
1.332
1.320
1.164
1.244
1.140
1.244
1.240
1.228
1.296
1.160
1.244
1.120
1.144
1.060
0.936
0.916
0.900
0.944
1.336
1.288
1.264
1.152
1.232
1.208
1.188
1.252
1.276
1.300
1.288
1.292
1.196
1.408
1.208
1.212
1.256
1.152
1.264
1.192
1.144
1.228
1.156
1.156
1.168
1.080
1.008
1.024
1.256
1.204
1.348
1.344
1.336
1.364
1.212
1.340
1.244
1.228
1.312
1.176
1.336
1.284
1.296
1.432
1.264
1.464
1.348
1.312
1.340
1.244
1.424
1.404
1.324
1.392
1.244
1.284
1.520
1.344
1.392
1.304
1.312
1.460
1.368
1.376
1.436
1.332
1.324
1.352
1.412
1.432
1.352
1.392
1.224
1.316
1.236
1.300
1.368
1.224
1.268
1.136
1.196
1.340
1.252
1.368
1.204
1.324
1.328
1.212
1.320
1.244
1.440
1.324
1.320
1.324
1.312
1.480
1.364
1.348
1.512
1.380
1.364
1.464
1.368
1.308
1.292
1.308
1.196
1.224
1.136
1.228
1.256
1.260
1.328
1.196
1.252
1.152
1.180
1.272
1.196
1.300
1.204
1.276
1.184
1.044
0.976
0.976
1.280
1.192
1.112
1.068
1.084
1.004
1.132
1.164
1.204
1.096
0.936
0.888
0.848
0.820
0.816
0.828
0.852
0.860
0.876
0.928
0.904
0.944
1.060
1.076
1.136
1.128
1.120
1.012
1.032
1.076
1.040
1.092
1.044
0.984
1.028
1.228
1.140
1.244
1.140
1.148
1.156
1.080
1.204
1.120
1.016
0.952
0.916
1.048
1.100
1.100
1.008
1.012
1.132
1.212
1.292
1.236
1.224
1.296
1.168
1.348
1.312
1.292
1.284
1.132
1.148
1.120
1.092
1.304
1.268
1.300
1.308
1.180
1.320
1.268
1.296
1.272
1.236
1.296
1.132
1.224
1.360
1.348
1.284
1.180
1.204
1.300
1.428
1.380
1.360
1.312
1.300
1.344
1.292
1.360
1.256
1.356
1.252
1.320
1.336
1.296
1.284
1.268
1.356
1.140
1.064
1.304
1.348
1.284
1.276
1.156
1.252
1.208
1.276
1.232
1.284
1.304
1.208
1.264
1.208
1.188
1.192
1.100
1.156
1.280
1.288
1.164
1.212
1.168
1.192
1.240
1.112
1.228
1.268
1.260
1.308
1.188
1.316
1.208
1.240
1.208
1.164
1.268
1.200
1.288
1.328
1.316
1.332
1.296
1.372
1.220
1.228
1.184
1.204
1.324
1.232
1.228
1.324
1.180
1.244
1.204
1.168
1.120
1.060
1.216
1.276
1.200
1.308
1.272
1.312
1.264
1.124
1.208
1.180
1.296
1.352
1.232
1.368
1.316
1.280
1.360
1.312
1.292
1.232
1.360
1.304
1.332
1.352
1.172
1.168
1.232
1.148
1.316
1.208
1.248
1.320
1.264
1.344
1.196
1.256
1.272
1.360
1.300
1.280
1.312
1.196
1.308
1.292
1.180
1.276
1.216
1.204
1.292
1.152
1.184
1.080
1.084
0.972
0.924
0.940
1.088
1.248
1.248
1.240
1.148
1.200
1.224
1.212
1.256
1.124
1.204
1.152
1.200
1.376
1.164
1.088
1.012
1.080
1.168
1.268
1.208
1.144
1.100
1.040
0.980
0.988
1.064
1.120
1.168
1.220
1.112
1.136
0.972
0.900
0.896
0.988
1.344
1.156
1.216
1.252
1.088
1.120
1.144
1.076
1.084
1.056
1.028
1.160
1.180
1.220
1.264
1.240
1.320
1.348
1.356
1.192
1.240
1.132
1.260
1.288
1.140
1.208
1.296
1.256
1.172
1.252
1.224
1.284
1.360
1.308
1.412
1.268
1.272
1.344
1.272
1.400
1.324
1.348
1.348
1.168
1.332
1.240
1.300
1.348
1.264
1.300
1.188
1.280
1.196
1.196
1.244
1.136
1.264
1.212
1.320
1.192
1.132
1.312
1.232
1.324
1.248
1.340
1.412
1.284
1.284
1.284
1.304
1.232
1.288
1.184
1.252
1.184
1.244
1.292
1.296
1.400
1.300
1.356
1.236
1.272
1.256
1.156
1.232
1.224
1.232
1.248
1.140
1.348
1.308
1.284
1.332
1.204
1.348
1.268
1.304
1.384
1.300
1.376
1.324
1.224
1.328
1.212
1.348
1.184
1.372
1.244
1.288
1.276
1.120
1.200
1.240
1.168
1.256
1.232
1.320
1.316
1.276
1.372
1.236
1.256
1.288
1.260
1.340
1.200
1.356
1.288
1.184
1.240
1.144
1.088
1.008
0.908
0.952
1.348
1.188
1.276
1.172
1.172
1.128
1.080
1.088
1.176
1.132
1.168
1.228
1.148
1.116
1.100
1.028
0.944
0.936
0.976
1.260
1.208
1.184
1.240
1.200
1.192
1.288
1.200
1.228
1.304
1.168
1.316
1.428
1.304
1.292
1.148
1.188
1.204
1.184
1.456
1.280
1.324
1.304
1.336
1.248
1.324
1.336
1.360
1.208
1.284
1.316
1.288
1.360
1.204
1.360
1.224
1.292
1.336
1.260
1.368
1.344
1.364
1.316
1.340
1.372
1.324
1.376
1.220
1.324
1.224
1.096
1.172
1.116
1.104
1.108
1.060
1.148
1.196
1.220
1.096
0.992
1.024
1.144
1.072
1.236
1.148
1.092
1.168
1.016
1.108
1.164
1.028
1.040
1.108
1.136
