0.916
0.944
0.976
0.996
0.988
0.972
0.960
0.956
0.948
0.952
0.952
0.956
0.912
0.888
0.836
0.892
0.980
1.004
1.004
1.008
0.996
0.988
0.976
0.956
0.956
0.932
0.932
0.936
0.928
0.948
0.948
0.968
0.968
0.940
0.908
0.912
0.912
0.904
0.896
0.908
0.872
0.844
0.848
0.892
0.916
0.932
0.944
0.936
0.908
0.952
0.956
0.916
0.956
0.952
0.904
0.936
0.940
0.924
0.960
0.968
0.936
0.972
0.964
0.932
0.952
0.936
0.892
0.924
0.940
0.916
0.948
0.856
0.832
0.796
0.800
0.984
0.920
0.984
1.032
0.956
0.980
0.976
0.924
0.948
0.968
0.964
0.964
0.980
0.992
0.936
0.984
1.004
0.956
1.008
1.004
0.980
1.012
1.012
0.968
0.992
0.992
0.940
0.944
0.872
0.904
0.872
0.908
0.900
0.880
0.968
0.944
0.920
0.976
0.988
0.960
0.996
0.988
0.972
0.996
0.960
0.972
0.980
0.928
0.932
0.908
0.924
0.952
0.920
0.968
0.968
0.940
0.984
1.000
0.948
0.960
0.948
0.904
0.948
0.920
0.936
0.864
0.868
0.768
0.784
0.756
0.776
0.844
0.920
0.988
0.976
0.976
0.948
0.972
0.972
0.948
0.976
0.972
0.928
0.964
0.984
0.992
1.008
1.016
1.012
1.008
1.012
0.972
0.944
0.972
0.980
0.964
1.008
1.000
0.964
0.992
0.968
0.908
0.936
0.960
0.916
0.992
0.992
0.948
0.996
1.016
0.972
1.012
1.012
0.960
1.004
0.968
0.864
0.852
0.892
1.008
0.964
1.048
1.048
1.016
1.048
0.984
1.016
0.996
0.920
0.904
0.844
0.784
0.808
0.852
1.004
1.032
0.996
1.032
1.032
0.952
0.940
0.952
0.924
0.948
0.972
0.984
0.960
1.028
1.040
0.972
1.012
1.032
0.984
1.060
1.064
1.016
1.052
1.032
0.972
1.004
1.028
0.972
1.032
1.028
0.952
1.016
1.020
0.980
1.032
1.004
0.936
0.948
0.904
0.868
0.920
0.944
0.936
1.044
1.052
0.984
1.008
0.972
0.940
0.996
1.052
1.020
1.068
1.048
0.988
0.968
0.932
0.872
0.888
0.984
0.968
1.112
1.128
1.036
1.032
0.996
0.896
0.876
0.880
0.880
0.968
1.012
0.992
0.984
1.012
0.996
0.972
0.988
0.992
0.992
1.028
1.028
1.008
0.980
0.960
0.944
0.960
0.952
0.884
0.896
0.900
0.928
0.908
0.964
1.000
0.956
1.000
1.004
0.944
0.964
0.976
0.924
0.956
0.976
0.936
0.992
1.004
0.968
0.984
1.004
0.964
0.984
1.008
0.968
0.932
0.972
0.980
0.932
0.976
1.004
0.944
0.928
0.960
0.956
0.968
1.032
1.040
1.024
1.036
0.996
0.980
1.008
0.988
0.956
0.976
0.956
0.940
0.984
0.968
0.960
1.012
1.016
0.956
0.984
0.944
0.964
0.984
0.948
0.920
0.980
1.004
0.980
1.028
0.992
0.968
0.984
0.944
0.928
0.912
0.864
0.820
0.820
1.072
0.956
1.024
1.068
1.020
1.052
1.056
0.984
0.996
1.000
0.980
0.964
0.996
0.992
0.980
1.000
0.996
0.952
0.988
1.016
0.980
1.004
1.012
0.956
0.996
0.992
0.944
0.980
1.004
0.960
0.992
1.004
0.952
0.948
0.984
0.976
0.932
0.968
0.964
0.932
0.984
1.012
0.964
1.008
1.016
0.964
1.004
1.000
0.956
1.000
0.972
0.940
0.972
1.044
0.992
0.996
1.040
1.016
1.000
1.040
1.020
1.020
1.052
0.992
0.984
0.984
0.936
0.972
1.004
0.976
1.060
1.052
1.012
1.040
1.000
0.968
0.988
0.980
0.960
1.000
0.976
0.956
0.988
0.976
0.960
1.008
0.992
0.964
0.988
0.960
0.948
0.976
0.940
0.932
0.960
0.952
0.944
0.988
0.972
0.948
0.984
1.036
0.980
0.996
0.976
0.916
0.940
0.952
0.936
0.992
1.028
1.000
1.036
1.036
0.968
0.980
0.956
0.920
0.936
0.964
0.924
0.956
0.984
0.952
0.940
0.976
0.972
0.944
0.980
0.948
0.920
0.952
0.956
0.900
0.912
0.920
0.900
0.940
1.032
1.008
1.008
1.032
0.992
0.964
1.000
0.928
0.864
0.784
0.744
0.756
0.756
0.764
0.944
0.908
1.000
0.948
0.928
0.984
1.000
0.960
1.000
0.992
0.936
0.952
0.980
0.956
0.980
1.020
0.980
1.004
1.024
0.980
1.008
1.028
0.996
1.040
1.068
1.012
1.028
1.004
0.940
0.976
0.992
0.960
1.004
1.044
0.984
1.028
1.012
0.984
1.004
0.944
0.908
0.940
0.920
0.904
0.964
0.988
0.936
0.992
0.984
0.936
0.968
0.948
0.928
0.976
0.952
0.892
0.936
0.956
0.972
1.128
1.048
1.076
1.088
1.048
1.072
1.008
1.048
1.044
1.004
1.064
1.068
1.032
1.048
1.012
0.988
0.992
0.976
0.952
0.972
0.976
0.952
0.984
0.972
0.928
0.948
0.972
0.940
0.984
0.988
0.940
0.964
0.944
0.916
0.940
0.952
0.924
0.956
0.984
0.960
0.968
1.016
0.984
0.960
0.976
0.952
0.932
0.956
0.968
0.920
0.952
0.948
0.920
0.932
0.976
0.936
0.928
0.956
0.936
0.920
0.964
0.960
0.944
1.000
0.988
0.944
0.952
0.972
0.868
0.836
0.784
0.788
0.792
0.880
1.000
0.932
0.848
0.784
0.804
0.968
1.080
1.088
1.024
1.032
1.024
0.984
0.952
0.960
0.960
0.916
0.952
0.972
0.960
0.980
1.004
0.956
0.984
0.988
0.980
0.988
0.980
0.968
0.988
0.996
0.992
0.952
0.880
0.860
0.824
0.860
0.940
0.964
1.000
1.004
0.968
0.988
0.984
0.928
0.960
0.984
0.948
0.996
0.992
0.964
1.012
0.984
0.984
1.020
0.960
0.992
1.004
0.956
0.992
0.968
0.940
0.976
0.968
0.960
0.996
0.984
0.956
0.984
0.972
0.976
0.980
0.944
0.968
0.992
0.948
0.976
0.972
0.940
0.980
0.976
0.924
0.964
0.964
0.936
0.972
0.980
0.940
0.988
1.000
0.960
1.008
0.988
0.948
0.984
0.988
0.952
0.956
1.000
0.980
0.976
1.004
0.976
0.952
0.976
0.988
0.944
0.964
0.972
0.944
0.912
0.952
0.984
0.952
0.984
0.980
0.944
0.948
0.984
0.952
0.940
1.004
0.996
0.964
1.000
0.988
0.944
0.976
0.960
0.904
0.940
0.932
0.900
0.952
0.956
0.924
0.976
0.972
0.948
1.000
0.960
0.940
0.972
0.968
0.948
1.012
1.032
0.996
1.020
0.988
0.932
0.968
0.980
0.956
1.012
1.020
0.984
1.012
1.016
0.960
0.976
0.984
0.960
1.000
1.056
1.028
1.032
1.040
0.980
0.984
0.996
0.972
1.028
1.044
1.004
1.024
1.016
0.972
0.988
0.984
0.948
0.964
0.984
0.968
1.004
1.028
1.004
1.032
1.048
0.988
0.964
0.984
0.984
0.944
0.980
0.956
0.920
0.960
0.980
0.960
0.924
0.976
0.968
0.932
0.976
0.992
0.960
0.964
1.004
0.960
0.948
1.000
0.960
0.932
0.968
0.972
0.932
0.968
0.992
0.944
0.988
0.964
0.956
1.016
0.992
0.940
0.952
0.912
0.884
0.924
0.936
0.908
0.976
0.976
0.908
0.868
0.852
0.812
0.796
0.812
0.860
0.864
0.956
0.900
0.828
0.832
0.836
0.804
0.816
0.868
0.888
0.896
1.008
1.044
0.948
0.952
0.988
0.996
0.984
0.992
0.940
0.864
0.776
0.744
0.812
1.240
1.092
1.072
1.008
1.012
1.020
1.008
0.988
1.000
1.008
0.984
1.004
1.000
0.992
1.008
1.024
1.052
1.048
0.956
0.936
0.940
0.912
0.964
0.992
0.992
0.940
0.960
0.972
0.980
1.032
1.052
1.032
1.044
1.020
0.944
0.936
0.968
1.004
0.976
1.020
1.044
0.984
1.028
1.012
0.936
0.960
0.944
0.904
0.984
1.064
1.016
1.108
1.108
1.048
1.096
1.072
1.028
1.032
1.000
0.976
1.016
0.984
0.984
1.012
0.980
0.960
0.984
0.980
0.936
0.992
1.016
0.964
0.992
0.988
0.948
0.992
0.964
0.912
0.940
0.948
0.920
1.000
1.032
1.048
1.048
1.064
1.044
0.996
1.020
0.992
0.944
0.972
0.960
0.912
0.948
1.016
1.024
1.112
1.096
1.020
1.052
1.008
1.000
1.036
0.984
0.964
0.984
0.972
0.956
1.012
1.040
1.004
1.012
1.020
0.984
1.000
1.000
0.968
0.972
0.980
0.980
0.948
0.980
0.964
0.900
0.880
0.916
0.996
1.004
1.032
1.112
1.076
1.096
1.104
1.008
1.028
1.012
0.968
1.020
1.056
1.008
1.044
1.032
0.912
0.932
0.992
1.012
1.036
1.060
1.004
1.044
1.048
1.008
1.028
1.020
0.972
0.996
1.008
0.972
1.012
1.004
0.960
0.984
0.992
0.956
1.000
1.000
0.976
1.004
1.000
0.948
0.976
0.996
0.952
0.992
1.012
0.972
0.992
1.004
0.964
0.972
0.984
0.972
0.924
0.968
0.992
0.988
0.976
1.004
1.000
0.896
0.900
0.828
0.800
0.768
0.792
0.824
0.952
0.952
0.836
0.848
0.872
0.832
0.904
0.972
0.956
0.928
1.000
1.028
0.988
1.000
0.972
0.948
1.012
1.052
1.004
1.044
1.028
1.004
1.056
1.016
1.008
1.044
1.008
0.948
0.968
0.960
0.948
1.032
1.048
1.072
1.092
1.024
1.064
1.072
0.952
0.872
0.828
0.884
1.280
1.108
1.052
1.060
1.000
0.996
1.012
1.000
1.076
1.144
1.132
1.092
1.100
1.068
1.040
1.036
1.000
0.988
0.996
0.996
1.004
1.000
1.012
1.040
1.032
1.020
1.020
0.996
0.960
0.960
0.904
0.852
0.864
0.952
1.024
0.936
0.908
0.956
0.964
0.928
0.972
0.988
0.932
0.984
0.992
0.948
0.972
1.008
0.956
0.928
0.960
0.964
0.932
1.000
1.044
0.996
1.040
1.048
1.000
1.024
1.024
0.964
0.988
0.992
0.952
1.016
1.036
0.992
1.036
1.040
1.008
1.072
1.072
1.024
1.040
1.016
0.984
0.996
0.992
0.968
1.024
1.032
1.016
1.056
1.000
0.980
0.976
0.940
0.932
1.016
1.008
1.004
1.072
1.064
1.036
1.100
1.076
1.036
1.048
1.024
0.988
1.016
0.996
0.976
1.008
1.020
0.964
1.012
1.020
0.960
0.992
0.984
0.956
1.004
1.024
0.980
1.012
1.008
0.952
0.976
0.972
0.940
0.904
0.948
0.976
0.956
0.992
1.048
1.032
1.060
1.072
1.028
1.060
1.004
0.876
0.804
0.792
0.792
0.812
0.852
1.152
1.044
0.944
0.964
1.000
0.956
0.996
1.056
1.036
1.060
1.096
1.108
1.076
1.080
1.024
0.956
0.952
0.992
0.972
1.036
1.008
0.920
0.932
0.976
1.020
1.068
1.128
1.072
1.068
1.112
1.084
1.000
1.016
1.020
0.972
1.024
1.044
0.992
1.024
1.020
0.932
0.912
0.868
1.020
0.956
0.972
1.056
1.032
0.980
0.912
0.952
0.944
0.868
0.788
0.744
0.784
1.012
0.920
0.860
0.964
1.012
1.020
1.052
1.056
1.040
1.088
1.092
1.092
1.096
1.084
1.068
1.068
1.040
0.984
1.032
1.076
1.100
1.120
1.068
0.976
0.984
1.016
1.036
1.072
1.092
1.048
1.052
1.044
0.992
1.028
1.076
1.080
1.104
1.072
1.004
1.020
1.004
0.948
1.008
1.024
0.992
1.076
1.128
1.040
1.084
1.040
0.972
1.012
1.016
0.968
1.036
1.036
0.996
1.056
1.048
1.008
1.032
0.996
1.012
1.044
1.016
0.964
1.016
1.016
0.952
0.980
1.004
0.988
0.980
1.016
1.024
0.972
0.988
0.992
0.960
0.980
0.992
0.980
1.040
1.060
1.028
1.064
1.040
0.980
1.004
0.984
0.956
0.988
0.984
0.944
0.996
1.012
0.960
1.000
1.020
0.956
0.976
0.972
0.924
0.952
0.988
0.968
1.040
1.044
0.956
0.964
0.996
1.000
0.980
1.028
1.028
0.996
1.044
1.056
1.024
1.056
1.040
0.972
1.000
1.016
0.976
1.028
1.104
1.032
1.076
1.064
1.008
1.008
0.944
0.900
0.908
0.984
1.012
1.184
1.164
1.140
1.136
1.092
1.080
1.072
1.008
0.932
0.940
0.956
0.964
1.044
1.104
1.048
1.100
1.072
1.056
1.068
1.016
1.052
1.016
0.988
1.036
1.000
0.988
1.016
0.968
0.960
0.976
0.936
0.924
0.968
0.944
0.968
1.020
0.992
0.964
1.008
1.008
0.976
0.992
0.984
0.976
1.068
1.088
1.044
1.064
1.036
0.968
0.980
0.996
0.960
0.992
1.032
1.012
1.048
1.040
0.984
1.020
1.040
0.980
1.024
0.996
0.956
0.992
1.020
0.956
1.000
1.044
0.980
1.012
1.016
0.952
0.892
0.824
0.760
0.808
1.248
1.100
1.004
0.984
1.000
0.948
0.968
0.996
1.004
0.996
1.036
1.044
1.036
1.064
1.076
1.080
1.056
1.076
1.064
1.036
1.072
1.064
1.036
1.036
1.024
0.980
1.004
1.012
0.984
1.008
1.000
0.960
0.984
1.008
1.044
0.996
1.032
1.024
0.948
0.948
0.916
0.876
0.904
0.984
0.940
0.992
1.064
0.972
1.008
1.056
0.904
0.892
0.908
0.848
0.768
0.736
0.732
0.708
0.688
0.696
0.684
0.680
0.680
0.700
0.692
0.716
0.764
0.800
0.840
0.828
0.876
0.920
0.900
0.876
0.972
1.040
1.000
0.924
0.948
1.028
1.008
0.888
0.844
0.864
0.912
1.024
1.016
0.964
0.868
0.852
0.900
1.012
0.988
1.076
1.124
1.048
1.052
1.040
0.996
1.040
1.060
0.944
0.988
1.044
1.044
1.080
1.016
1.036
0.944
0.944
0.900
0.824
0.856
0.888
0.860
1.092
1.072
0.972
0.980
0.984
0.892
0.860
0.812
0.880
0.968
1.024
1.012
1.016
0.968
0.992
0.988
0.944
0.968
0.976
0.968
1.028
1.096
1.068
1.024
1.068
1.060
1.000
1.032
1.032
0.988
0.988
0.992
0.928
0.952
0.976
0.932
0.968
0.968
0.940
1.008
1.000
0.944
0.980
0.948
0.976
0.964
0.976
1.032
1.044
1.044
1.016
1.008
0.992
0.944
0.968
0.980
0.964
0.952
1.032
1.052
0.972
1.000
1.076
1.004
1.028
0.992
0.972
1.012
1.016
0.968
1.004
1.008
0.960
1.012
1.044
0.992
1.044
1.052
1.028
1.076
1.056
0.976
0.952
0.876
0.804
1.060
1.216
1.224
1.240
1.140
1.168
1.128
1.084
1.124
1.140
1.112
1.108
1.104
1.060
1.080
1.088
1.056
1.108
1.120
1.084
1.112
1.132
1.104
1.112
1.076
1.024
1.004
0.988
1.032
1.092
1.080
1.108
1.072
1.024
1.048
1.064
1.036
1.092
1.060
1.048
1.088
1.080
1.064
1.092
1.072
1.032
1.024
1.016
0.980
1.072
1.172
1.148
1.164
1.132
1.012
0.908
0.812
0.820
0.820
0.968
0.960
0.872
0.948
0.956
1.016
1.064
1.012
1.000
1.028
1.036
1.032
1.060
1.056
1.032
1.064
1.084
1.088
1.048
1.072
1.100
1.084
1.088
1.020
1.008
1.060
1.104
1.076
1.084
1.116
1.116
1.084
1.108
1.100
1.056
1.096
1.100
1.068
1.100
1.108
1.068
1.080
1.072
1.024
1.056
1.072
1.024
1.060
1.084
1.044
1.092
1.096
1.032
1.024
1.020
1.000
0.964
1.064
1.156
1.084
1.124
1.132
1.068
1.088
1.080
1.056
1.096
1.072
1.040
1.104
1.044
0.900
0.864
0.820
0.812
0.856
0.768
0.972
0.956
0.836
0.808
0.800
0.792
0.836
1.036
0.984
0.972
0.944
0.920
0.884
0.856
0.892
1.080
1.240
1.192
1.156
1.104
1.108
1.116
1.088
1.084
1.080
1.072
1.084
1.096
1.112
1.100
1.096
1.092
1.084
1.076
1.092
1.080
1.076
1.052
1.060
1.052
0.996
1.012
1.040
0.988
1.036
1.040
0.944
0.892
0.924
1.004
0.976
1.072
1.040
1.032
1.088
1.052
1.044
1.036
0.968
0.992
1.012
1.000
1.012
1.060
1.056
1.032
1.060
1.024
0.988
1.012
0.996
0.936
1.000
1.036
1.000
1.052
0.948
0.944
0.960
0.940
0.864
0.880
0.948
1.012
1.000
1.104
1.108
1.048
1.068
1.112
1.044
1.052
1.088
1.088
1.096
1.128
1.108
1.104
1.100
1.060
1.096
1.120
1.104
1.124
1.112
1.080
1.100
1.064
1.036
1.076
1.044
1.024
1.076
1.080
1.088
1.080
1.020
0.992
1.028
1.032
1.016
1.064
1.048
1.000
1.036
1.024
0.988
1.028
1.028
1.000
1.036
1.016
0.988
1.036
1.064
1.020
1.048
1.012
0.964
1.036
1.048
1.012
1.080
1.096
1.060
1.084
1.096
1.040
1.048
1.060
1.068
1.108
1.092
1.048
1.092
1.088
1.024
1.056
1.072
1.008
1.048
1.060
1.028
0.936
0.904
0.956
1.088
1.116
1.044
1.100
1.104
1.032
1.044
1.032
0.980
1.012
1.052
1.024
1.064
1.080
1.028
1.080
1.076
1.012
1.048
1.060
1.032
1.096
1.088
1.020
1.044
1.024
0.968
1.060
1.112
1.080
1.144
1.116
1.060
1.076
1.044
1.044
1.068
1.064
1.008
1.044
1.064
1.024
1.044
1.040
0.988
1.020
1.072
1.016
1.076
1.068
0.996
1.044
1.056
0.988
1.036
1.080
1.036
1.048
1.048
1.000
1.048
1.064
1.020
1.092
1.112
1.096
1.128
1.120
1.076
1.096
1.060
1.032
1.100
1.116
1.056
1.108
1.084
1.012
1.036
1.064
1.016
1.104
1.148
1.088
1.116
1.088
1.048
1.084
1.060
1.036
1.088
1.060
1.032
1.056
1.036
1.016
1.072
1.040
1.044
1.076
1.032
1.060
1.108
1.044
1.072
1.116
1.108
1.116
1.120
1.052
1.092
1.092
1.040
1.080
1.120
1.120
1.204
1.192
1.140
1.124
1.092
1.048
1.092
1.112
1.096
1.156
1.148
1.104
1.096
1.100
1.088
1.132
1.100
1.056
1.088
1.100
1.068
1.116
1.040
0.936
0.976
1.068
1.052
1.112
1.108
1.068
1.096
1.072
1.040
1.076
1.052
1.024
1.084
1.024
1.020
1.092
1.088
1.080
1.124
1.108
1.044
0.948
0.992
1.136
1.160
1.080
1.116
1.108
1.060
1.100
1.092
1.060
1.044
1.008
1.012
1.068
1.084
1.104
1.136
1.160
1.124
1.108
1.072
1.068
1.088
1.064
1.120
1.156
1.080
1.068
1.060
1.012
1.088
1.116
1.064
1.120
1.104
1.024
1.056
1.048
1.004
1.032
1.056
1.016
1.072
1.104
1.028
1.056
1.116
1.088
1.100
1.088
1.016
1.052
1.064
1.000
1.040
1.084
1.044
1.108
1.124
1.068
1.108
1.060
1.044
1.080
1.052
1.004
1.048
0.980
0.892
0.840
0.864
1.256
1.256
1.180
1.120
1.156
1.144
1.104
1.116
1.100
1.072
1.048
1.048
1.040
1.080
1.124
1.124
1.124
1.124
1.104
1.112
1.088
1.088
1.104
1.088
1.056
1.064
1.064
1.060
1.076
1.084
1.048
1.088
1.096
1.056
1.064
1.084
1.032
1.020
1.028
1.008
0.972
1.044
1.116
1.072
1.104
1.076
1.020
1.068
1.072
0.984
1.032
1.076
1.036
1.100
1.104
1.048
1.092
1.112
1.056
1.104
1.044
0.924
0.900
0.900
0.836
0.840
0.828
1.204
1.100
1.080
1.096
1.064
1.040
1.052
1.048
0.996
1.012
1.040
1.012
1.052
1.084
1.092
1.100
1.048
0.976
0.920
0.888
0.900
1.132
1.136
1.076
1.044
1.052
1.020
1.000
1.024
1.044
1.028
1.036
0.932
0.932
0.892
0.856
0.844
0.904
1.044
1.028
0.984
0.972
0.968
0.948
0.964
1.016
1.052
1.016
1.084
1.104
1.100
1.032
1.040
1.036
0.984
1.072
1.112
1.032
1.080
1.120
1.076
1.096
1.132
1.052
1.080
1.112
1.060
1.116
1.100
1.036
1.080
0.964
0.916
0.988
1.088
1.024
1.072
1.064
0.940
0.908
0.956
1.072
1.060
1.108
1.156
1.120
1.112
1.072
0.948
0.872
0.828
0.832
1.184
1.028
1.076
1.120
1.112
1.064
1.048
1.004
0.928
0.960
0.996
1.092
1.056
1.136
1.124
0.952
0.920
0.952
0.956
0.892
0.836
0.796
0.844
1.088
1.012
0.924
0.952
0.992
1.036
1.032
0.940
0.968
0.944
1.004
1.064
1.048
1.032
0.988
0.940
0.868
0.832
0.820
0.888
1.016
1.000
1.020
0.988
0.996
1.100
1.184
1.204
1.176
1.164
1.140
1.104
1.128
1.156
1.168
1.096
1.072
1.104
1.176
1.032
1.024
1.072
1.164
1.084
0.952
0.896
0.888
0.968
0.904
0.880
0.900
1.060
1.080
1.104
1.068
1.080
1.036
1.004
0.960
0.988
1.000
1.032
0.980
1.032
1.080
1.080
1.060
1.060
1.032
0.988
0.952
0.980
0.996
0.984
0.980
1.028
1.056
1.016
1.068
1.044
0.980
0.972
0.864
0.808
0.788
0.784
0.892
0.904
1.000
1.088
1.056
1.020
1.036
1.016
0.964
0.980
1.040
1.092
1.072
1.148
1.148
1.080
1.132
1.144
1.084
1.116
1.136
1.084
1.116
1.108
1.060
1.136
1.156
1.104
1.164
1.136
1.052
1.040
1.008
0.972
1.020
1.044
1.012
1.080
1.116
1.044
0.984
1.060
1.112
1.084
1.108
1.104
0.988
0.976
1.032
1.064
1.020
1.084
1.124
1.112
1.068
1.120
1.120
1.048
1.004
0.964
0.880
0.828
0.852
0.904
0.940
0.928
0.968
1.016
0.988
0.936
0.936
0.972
1.000
0.968
1.068
1.116
1.060
1.084
1.108
1.084
1.112
1.128
1.084
1.040
0.968
0.864
0.856
0.952
1.056
1.036
1.092
1.056
1.000
1.044
1.052
1.000
1.036
1.108
1.096
1.080
1.148
1.140
1.072
1.084
1.072
1.024
1.064
1.076
1.028
1.088
1.100
1.028
1.056
1.096
1.016
1.056
1.060
0.976
1.020
1.040
1.004
1.084
1.088
1.060
1.128
1.092
1.080
1.128
1.060
1.048
1.060
1.012
1.072
1.144
1.076
1.140
1.148
1.080
1.108
1.060
0.980
0.996
1.068
1.096
1.212
1.184
1.148
1.188
1.148
1.128
1.140
1.104
1.064
1.068
1.028
1.024
1.084
1.080
1.076
1.136
1.128
1.068
1.100
1.104
1.036
1.068
1.088
1.056
1.052
1.072
1.064
1.028
1.068
1.080
1.028
1.048
1.072
1.068
1.056
1.084
1.096
1.032
1.064
0.948
0.860
0.824
0.812
0.800
0.796
0.876
0.940
1.072
1.056
1.000
1.020
1.036
0.984
1.004
1.024
1.008
1.044
1.128
1.156
1.148
1.216
1.152
1.120
1.136
1.108
1.084
1.124
1.112
1.092
1.112
1.124
1.076
1.096
1.100
1.072
1.136
1.128
1.096
1.128
1.116
1.072
1.096
1.076
1.008
1.052
1.136
1.096
1.168
1.168
1.108
1.156
1.140
1.108
1.152
1.092
1.020
1.056
0.968
0.860
0.820
0.876
1.228
1.048
1.120
1.132
1.068
1.064
1.060
1.004
0.964
1.020
1.072
1.040
1.108
1.124
1.048
1.076
1.064
1.024
1.068
1.092
1.064
1.088
1.076
1.052
1.060
1.044
1.000
1.028
1.036
0.980
1.024
1.064
1.016
1.024
1.020
0.952
0.968
0.976
0.948
0.992
0.996
0.952
1.028
1.060
0.996
1.020
1.016
0.988
1.032
1.000
0.956
1.016
1.048
1.008
1.056
1.044
1.004
0.920
0.924
1.016
1.144
1.036
0.988
0.916
0.876
0.900
1.076
1.020
1.016
1.068
1.076
1.028
1.048
1.076
1.016
1.016
1.060
1.104
1.100
1.092
1.116
1.108
1.108
1.088
1.068
0.912
0.848
0.840
0.852
1.112
0.904
0.832
0.776
0.764
0.764
0.768
0.824
0.928
1.052
1.020
1.024
1.036
0.968
0.900
0.888
0.956
1.180
0.988
0.980
1.244
1.192
1.180
1.192
1.164
1.140
1.092
1.084
1.068
0.932
0.892
0.848
0.924
1.160
1.084
1.196
1.200
1.152
1.108
1.104
1.112
1.056
1.080
1.108
1.108
1.052
1.112
1.088
1.000
1.040
1.060
1.084
1.040
1.112
1.092
1.036
1.088
1.092
1.024
1.056
1.084
1.080
1.004
1.032
1.064
0.980
0.940
0.940
0.948
0.976
0.952
1.020
1.156
1.128
1.152
1.184
1.108
1.084
1.076
1.028
0.968
1.000
1.088
0.972
1.020
1.160
1.136
1.100
1.096
1.012
0.996
1.012
1.088
1.076
1.156
1.156
1.068
1.092
1.092
0.976
1.036
1.064
1.024
1.092
1.076
0.932
0.916
0.844
0.808
0.784
0.848
1.112
0.988
0.976
1.028
0.988
0.896
0.856
0.864
0.912
0.972
1.096
1.072
1.052
1.048
0.940
0.916
0.964
1.060
1.108
1.052
1.100
1.120
1.052
1.032
1.064
1.084
1.024
1.076
1.088
1.048
1.060
1.072
1.084
1.036
1.056
1.056
1.048
1.004
1.028
1.004
0.968
1.012
1.068
1.100
1.052
1.076
1.080
1.056
0.996
1.012
1.032
1.032
1.072
1.104
1.096
1.048
1.100
1.088
1.028
1.044
1.012
0.976
1.000
0.980
0.988
1.104
1.056
0.960
0.900
0.892
0.900
0.960
0.900
0.852
0.840
0.844
0.824
0.880
0.928
0.952
0.816
0.812
0.808
0.808
0.856
0.880
1.020
1.136
1.084
1.084
1.076
1.024
1.052
1.060
1.076
1.152
1.152
1.144
1.136
1.128
1.092
1.028
1.020
0.980
0.896
0.880
0.896
1.144
1.028
1.108
1.164
1.112
1.048
1.000
0.980
0.900
0.904
1.012
1.064
1.044
1.112
1.140
1.052
1.072
1.072
1.012
0.936
0.968
1.024
1.068
1.036
1.104
1.104
1.032
1.064
1.072
1.020
1.056
1.076
1.016
1.032
1.052
1.020
0.984
0.996
0.944
0.892
0.904
0.924
0.860
0.840
0.828
0.832
0.940
1.056
0.968
1.052
1.108
1.076
1.044
1.060
1.044
1.028
1.084
1.104
1.084
1.156
1.188
1.160
1.160
0.968
0.904
0.868
0.852
0.872
0.876
0.952
1.032
0.976
0.960
0.996
1.040
1.036
1.084
1.100
1.072
1.092
1.116
1.088
1.128
1.100
1.048
1.012
1.032
1.128
1.092
0.980
1.020
1.064
1.064
0.996
1.012
1.044
1.056
0.952
0.916
0.884
0.984
1.076
1.024
1.092
1.116
1.068
1.104
1.088
1.032
1.084
1.104
1.064
1.076
1.084
1.036
1.076
1.116
1.108
1.108
1.136
1.100
1.072
1.076
1.020
0.976
1.068
1.152
1.132
1.256
1.204
1.136
1.136
1.092
1.052
1.076
1.100
1.056
1.120
1.124
1.076
1.124
1.112
1.032
1.060
1.096
1.076
1.156
1.136
1.048
1.068
1.088
1.044
1.128
1.156
1.128
1.172
1.136
1.064
1.068
1.040
0.996
1.088
1.132
1.092
1.148
1.148
1.088
1.100
1.068
1.008
1.072
1.088
1.064
1.156
1.172
1.128
1.148
1.100
1.064
1.120
1.116
1.096
1.116
1.076
1.032
1.068
1.056
1.012
1.060
1.064
1.012
1.044
1.040
0.988
1.044
1.076
1.008
1.068
1.076
1.016
1.060
1.052
1.024
1.064
1.068
1.000
1.052
1.060
1.052
1.116
1.108
1.076
1.120
1.076
1.048
1.092
1.048
1.048
1.096
1.096
1.088
1.120
1.088
1.092
1.124
1.096
1.152
1.132
1.104
1.128
1.080
0.920
0.832
0.768
0.736
0.728
0.724
0.744
0.788
0.908
0.840
0.796
0.784
0.812
0.808
0.844
0.844
0.848
0.816
0.836
0.840
0.868
0.972
1.008
1.072
1.092
1.092
1.116
1.124
1.104
1.128
1.104
1.072
1.092
1.108
1.096
1.156
1.172
1.092
1.136
1.124
1.028
1.076
1.092
1.008
1.120
1.152
1.052
1.128
1.128
1.092
1.168
1.160
1.124
1.168
1.104
1.068
1.104
1.076
1.076
1.148
1.144
1.160
1.164
1.080
1.088
1.092
1.020
1.072
1.096
1.052
1.108
1.136
1.020
0.952
0.964
0.960
0.964
0.964
1.144
1.184
1.108
1.128
1.124
1.060
1.064
1.072
1.036
1.092
1.112
1.060
1.084
1.100
1.080
1.076
1.120
1.148
1.112
1.128
1.116
1.108
1.152
1.152
1.096
1.104
1.104
1.072
1.132
1.148
1.112
1.160
1.132
1.080
1.132
1.116
1.076
1.140
1.116
1.104
1.144
1.100
1.084
1.132
1.072
0.960
0.992
1.108
1.080
1.096
1.128
1.120
0.940
0.896
0.820
0.820
0.848
0.876
0.928
0.908
0.904
0.972
0.924
0.984
1.020
1.052
1.044
1.100
1.100
1.052
1.100
1.112
1.104
1.128
1.168
1.136
1.108
1.124
0.920
0.844
0.868
1.052
1.056
1.116
1.204
1.160
1.148
1.144
1.080
1.108
1.104
1.052
1.128
1.156
1.088
1.148
1.184
1.144
1.184
1.156
1.112
1.160
1.132
1.008
0.956
0.972
1.000
1.056
1.124
1.192
1.188
1.232
1.172
1.136
1.128
1.080
1.036
1.100
1.124
1.096
1.180
1.184
1.132
1.140
1.128
1.092
1.140
1.168
1.128
1.124
1.100
1.040
1.056
1.048
0.988
0.984
1.088
1.160
1.116
1.248
1.216
1.132
1.152
1.100
1.056
1.076
1.040
0.980
1.024
1.104
1.080
1.028
1.084
1.068
1.020
1.084
1.152
1.104
1.148
1.160
1.092
1.140
1.136
1.088
1.084
1.088
1.024
1.024
1.068
1.084
1.092
1.196
1.180
1.108
1.140
1.128
1.064
1.116
1.144
1.128
1.136
1.116
1.192
1.240
1.192
1.188
1.156
1.088
1.120
1.144
1.072
1.092
1.096
1.008
1.040
1.108
1.084
1.072
1.108
1.048
1.060
1.120
1.108
1.088
1.108
1.072
1.056
1.088
1.112
1.084
1.140
1.104
1.040
1.092
1.100
1.044
1.088
1.096
1.044
1.076
1.088
1.068
1.072
1.112
1.088
1.052
1.048
0.948
0.876
0.808
0.788
0.852
0.864
0.864
1.016
1.056
1.040
0.896
0.868
0.820
0.788
0.780
0.808
0.804
0.872
1.000
1.040
0.984
0.984
0.976
0.956
0.948
1.088
1.124
1.072
1.032
1.016
1.012
1.012
1.008
1.008
1.012
0.980
0.972
1.012
1.052
1.084
1.096
1.096
1.072
1.068
1.064
1.088
1.052
0.988
1.012
1.060
1.148
1.212
1.212
1.184
1.104
1.084
1.084
1.108
1.096
1.124
1.144
1.164
1.132
1.080
1.060
1.036
0.996
0.964
1.020
1.172
1.192
1.080
1.120
1.168
1.092
1.164
1.132
1.036
1.032
0.984
0.912
0.860
0.848
0.916
1.112
0.992
1.068
1.132
1.116
1.136
1.160
1.040
0.940
0.864
0.864
0.868
0.828
0.800
0.772
0.788
0.796
0.784
0.800
0.808
0.844
0.900
0.988
0.996
0.992
0.984
0.984
0.972
0.968
0.992
1.004
1.024
0.996
1.052
1.072
1.040
1.000
0.984
1.028
1.044
1.128
1.140
1.100
1.140
1.116
1.080
1.104
1.080
0.996
1.024
1.100
1.040
1.116
1.160
1.104
1.180
1.120
1.060
1.084
1.080
1.020
1.044
0.984
0.944
1.032
1.088
1.056
1.132
1.160
1.084
1.092
1.084
1.024
1.060
1.088
1.016
1.024
0.976
0.980
0.972
0.936
0.892
0.904
1.012
1.052
0.996
1.000
0.960
0.972
0.944
0.992
1.072
1.156
1.164
1.184
1.184
1.164
1.164
1.120
1.064
1.076
1.080
1.052
1.072
1.140
1.124
1.124
1.140
1.108
1.060
1.096
1.152
1.120
1.168
1.172
1.136
1.180
1.104
0.972
1.028
1.180
1.156
1.152
1.016
0.956
0.928
0.896
1.060
1.036
1.048
1.052
0.992
0.980
0.964
0.952
0.956
1.056
1.148
1.112
1.184
1.128
1.088
1.104
1.100
1.008
1.060
1.132
1.144
1.224
1.212
1.164
1.176
1.152
1.100
1.112
1.080
1.084
1.136
1.104
1.104
1.120
1.080
1.036
1.084
1.104
1.096
1.168
1.132
1.008
0.956
0.948
0.968
1.032
1.144
1.160
1.108
1.156
1.104
1.044
1.052
1.068
1.048
1.136
1.144
1.140
1.216
1.192
1.148
1.200
1.156
1.152
1.164
1.108
1.060
1.104
1.092
1.024
1.004
1.008
0.992
1.116
1.120
1.052
1.084
1.028
0.976
1.000
1.032
1.060
1.200
1.224
1.184
1.192
1.152
1.096
1.120
1.040
0.944
0.892
0.840
1.000
1.152
1.112
1.176
1.172
1.100
1.120
1.120
1.076
1.088
1.088
1.044
1.128
1.108
1.052
1.096
1.108
1.052
1.072
1.100
1.084
1.192
1.172
1.060
1.080
1.176
1.140
1.120
1.140
1.056
1.060
1.084
1.016
1.040
1.180
1.148
1.096
1.136
1.112
1.056
1.076
1.100
1.040
1.076
1.120
1.084
1.060
1.080
0.992
0.908
0.852
0.796
0.884
1.168
1.088
0.988
0.928
0.888
0.916
0.936
0.876
0.896
0.976
1.016
0.996
0.948
0.936
0.908
0.916
0.896
0.944
1.020
1.028
1.052
1.072
1.084
0.980
0.932
0.912
0.960
0.964
1.028
1.088
1.100
1.096
1.048
1.084
1.084
1.072
1.080
1.080
1.040
1.040
1.044
1.020
1.080
1.104
1.036
0.972
0.952
0.976
0.928
0.980
1.108
1.084
1.176
1.164
1.092
1.140
1.068
1.084
1.128
1.108
1.096
1.056
0.992
1.088
1.208
1.200
1.200
1.160
1.160
1.172
1.132
1.120
1.132
1.092
1.088
1.092
1.044
1.024
0.944
0.948
0.968
0.952
0.908
0.876
0.824
0.804
0.876
1.056
0.916
0.904
0.968
1.012
1.008
1.032
1.060
1.040
0.992
1.052
1.120
1.144
1.200
1.212
1.176
1.160
1.088
1.040
1.056
1.036
1.044
1.008
1.064
1.152
1.136
1.112
1.112
1.084
1.008
1.008
1.020
1.096
1.072
1.080
1.072
0.952
0.920
0.884
0.868
0.936
0.896
1.008
1.084
1.136
1.100
1.060
1.044
1.088
1.088
0.948
0.912
0.880
1.092
1.112
1.164
1.192
1.144
1.136
1.132
1.112
1.140
1.164
1.136
1.184
1.180
1.128
1.160
1.152
1.152
1.184
1.156
1.144
1.160
1.112
1.192
1.192
1.096
1.092
1.008
1.032
1.088
1.128
1.140
1.208
1.156
1.188
1.136
1.108
1.132
1.084
1.076
1.076
1.052
1.120
1.128
1.084
1.168
1.132
1.080
1.004
0.932
0.868
0.884
1.076
1.048
1.080
1.124
1.080
1.084
1.096
1.040
1.048
1.068
1.008
1.032
1.060
1.088
1.144
1.216
1.196
1.180
1.212
1.160
1.152
1.156
1.108
1.144
1.156
1.164
1.188
1.164
1.060
1.044
1.024
1.004
1.092
1.112
1.104
1.168
1.120
1.144
1.164
1.188
1.212
1.128
1.044
1.052
1.076
1.036
1.152
1.176
1.140
1.160
1.108
1.108
1.124
1.112
1.140
1.164
1.132
1.084
1.036
0.940
0.960
1.004
1.032
1.008
1.072
1.108
1.060
1.120
1.124
1.056
1.080
1.084
1.044
1.084
1.100
1.076
1.080
1.096
1.068
1.076
1.088
1.036
1.084
1.060
0.980
0.992
1.000
0.972
1.064
1.132
1.052
1.132
1.124
1.100
1.020
1.108
1.008
0.908
0.928
0.916
0.952
0.996
0.964
0.964
0.908
0.884
0.832
0.808
0.804
0.932
1.004
1.036
1.052
0.936
0.912
0.892
0.888
0.964
1.008
0.976
1.048
1.096
1.096
0.980
0.896
0.844
0.828
0.856
1.024
1.024
0.948
1.036
1.100
1.136
1.152
1.164
1.148
1.132
1.108
1.148
1.144
1.160
1.184
1.220
1.212
1.192
1.172
1.080
0.936
0.856
0.848
0.828
0.832
0.836
1.064
1.088
1.052
0.924
0.832
0.796
0.780
0.776
0.796
0.980
1.352
1.128
1.272
1.304
1.276
1.212
1.156
1.132
1.136
1.152
1.180
1.224
1.216
1.180
1.184
1.224
1.224
1.140
1.180
1.212
1.256
1.224
1.188
1.208
1.216
1.196
1.168
1.148
1.156
1.152
1.184
1.200
1.232
1.188
1.180
1.120
1.008
1.024
1.104
1.172
1.064
1.176
1.180
1.080
1.100
1.116
1.128
1.116
1.168
1.128
1.128
1.124
1.036
1.040
1.024
1.016
1.088
1.168
1.124
1.172
1.176
1.116
1.136
1.120
1.044
1.056
1.064
1.028
1.072
1.112
1.060
1.104
1.136
1.092
1.108
1.068
0.960
0.908
0.884
1.020
0.960
1.044
1.076
1.076
1.116
1.112
1.092
1.144
1.132
1.092
1.140
1.116
1.080
1.148
1.120
1.096
1.136
1.056
1.052
1.028
1.008
0.936
0.980
1.016
0.988
0.968
0.928
0.956
1.028
1.140
1.120
1.132
1.132
1.076
1.088
1.076
1.016
1.092
1.148
1.092
1.092
1.040
1.088
1.144
1.056
1.128
1.160
1.124
1.196
1.188
1.140
1.144
1.096
1.072
1.140
1.188
1.136
1.188
1.180
1.136
1.200
1.196
1.136
1.168
1.108
1.048
0.988
0.932
0.900
1.100
1.308
1.176
1.208
1.136
1.116
1.164
1.164
1.124
1.152
1.160
1.132
1.208
1.200
1.144
1.164
1.180
1.156
1.196
1.200
1.132
1.196
1.228
1.168
1.192
1.200
1.140
1.160
1.180
1.144
1.196
1.176
1.168
1.116
1.124
1.124
1.148
1.116
1.124
1.180
1.096
1.148
1.200
1.132
1.180
1.160
1.112
1.144
1.124
1.104
1.128
1.096
1.112
1.184
1.116
1.116
1.148
1.132
1.176
1.152
1.096
1.156
1.148
1.060
1.120
1.068
1.080
1.120
1.076
1.144
1.120
1.064
1.096
1.088
1.080
1.112
1.112
1.152
1.176
1.112
1.140
1.116
1.084
1.140
1.156
1.096
1.160
1.144
1.096
1.128
1.096
1.104
1.096
1.020
1.052
1.100
1.100
1.228
1.228
1.180
1.240
1.180
1.172
1.204
1.164
1.148
1.204
1.180
1.176
1.228
1.212
1.160
1.140
1.076
0.992
1.024
1.064
1.040
1.148
1.148
1.112
1.168
1.112
1.120
1.132
1.084
1.128
1.088
1.052
1.128
1.128
1.056
1.100
1.096
1.080
1.104
1.048
1.024
1.064
1.036
1.044
1.088
1.028
1.064
1.084
1.064
1.216
1.188
1.152
1.148
1.080
1.096
1.092
1.108
1.128
1.040
1.028
1.068
1.048
1.180
1.204
1.144
1.184
1.080
1.104
1.168
1.124
1.108
1.108
1.060
1.104
1.124
1.112
1.152
1.168
1.188
1.196
1.180
1.208
1.196
1.112
1.152
1.148
1.168
1.184
1.172
1.192
1.192
1.148
1.208
1.180
1.112
1.012
0.920
0.852
0.808
0.796
0.756
0.764
0.772
0.800
0.864
0.840
0.880
0.916
0.896
0.884
0.888
0.924
0.896
0.808
0.788
0.868
1.324
1.200
1.164
1.184
1.172
1.148
1.132
1.180
1.164
1.116
1.120
1.156
1.180
1.228
1.204
1.180
1.156
1.148
1.148
1.152
1.172
1.220
1.196
1.220
1.192
1.168
1.088
1.080
1.108
1.168
1.236
1.280
1.180
1.176
0.992
0.924
0.936
0.948
0.876
0.900
0.968
1.192
1.060
1.144
1.132
1.132
1.144
1.088
1.124
1.140
1.140
1.184
1.176
1.128
1.156
1.152
1.204
1.144
1.072
1.088
1.156
1.200
1.220
1.232
1.212
1.184
1.168
1.104
1.124
1.132
1.092
1.152
1.164
1.120
1.156
1.156
1.084
1.084
0.996
0.952
1.004
1.156
1.096
1.156
1.144
1.124
1.144
1.112
1.132
1.132
1.076
1.160
1.196
1.128
1.148
0.992
1.024
0.956
0.912
0.836
0.804
0.844
0.820
0.852
0.864
1.060
1.024
1.052
1.076
1.032
0.980
0.992
1.008
1.028
1.200
1.228
1.240
1.248
1.236
1.228
1.232
1.188
1.108
1.156
1.168
1.152
1.208
1.196
1.184
1.212
1.172
1.180
1.172
1.060
1.108
1.116
1.088
1.152
1.116
1.168
1.176
1.108
1.128
1.148
1.112
1.152
1.096
1.096
1.144
1.080
1.160
1.176
1.132
1.164
1.124
1.112
1.156
1.132
1.172
1.176
1.136
1.196
1.140
1.172
1.180
1.112
1.184
1.180
1.180
1.212
1.180
1.236
1.184
1.148
1.164
1.120
1.128
1.132
1.064
1.112
1.128
1.108
1.132
1.144
1.136
1.160
1.136
1.160
1.152
1.108
1.140
1.112
1.092
1.156
1.144
1.116
1.172
1.176
1.148
1.160
1.124
1.144
1.184
1.100
1.104
1.132
1.124
1.200
1.188
1.164
1.200
1.148
1.216
1.240
1.168
1.172
1.128
1.092
1.180
1.208
1.196
1.236
1.216
1.216
1.204
1.184
1.192
1.196
1.116
1.092
0.928
0.896
0.852
1.048
1.044
1.104
1.120
1.060
1.036
1.056
1.076
1.028
1.068
1.104
1.036
1.080
1.136
1.144
1.160
1.124
1.036
1.020
1.168
1.248
1.164
1.180
1.184
1.124
1.156
1.116
1.084
1.076
1.112
1.060
1.092
1.116
1.080
1.060
1.088
1.072
1.060
1.096
1.112
1.088
1.148
1.148
1.104
1.132
1.116
1.072
1.116
1.028
0.996
1.052
1.064
1.048
1.112
1.096
1.060
1.092
1.080
1.064
1.104
1.072
1.048
1.076
1.076
1.028
1.072
1.084
1.060
1.164
1.148
1.116
1.164
1.132
1.096
1.140
1.092
1.072
1.124
1.096
1.072
1.092
1.040
1.044
1.120
1.156
1.112
1.164
1.148
1.088
1.072
0.984
0.972
1.072
1.148
1.176
1.280
1.184
1.180
1.148
1.072
1.112
1.072
1.056
1.152
1.148
1.120
1.176
1.104
1.144
1.148
1.108
1.168
1.144
1.116
1.140
1.036
0.920
0.848
0.788
0.872
1.092
1.024
0.968
1.044
1.068
0.996
1.036
1.060
1.060
1.004
1.012
1.028
1.044
1.056
1.048
1.056
1.080
1.088
1.108
1.124
1.100
1.088
1.072
1.028
1.060
1.096
1.132
1.036
1.016
1.064
1.092
1.096
1.096
1.096
1.080
1.020
1.032
1.040
1.060
1.056
1.116
1.100
1.108
1.104
1.132
1.096
1.048
1.128
1.184
1.124
1.112
1.144
1.088
1.072
1.140
1.096
1.084
1.060
0.956
0.928
0.872
0.900
0.876
0.908
0.876
0.856
0.928
0.948
0.988
1.000
1.004
1.080
1.088
1.016
1.068
1.084
0.964
0.972
0.912
0.872
0.816
0.784
0.760
0.840
0.880
0.928
0.964
0.996
1.012
1.008
0.988
0.944
0.948
0.972
1.000
1.024
1.040
1.028
1.048
1.068
1.144
1.152
1.156
1.156
1.156
1.184
1.060
1.012
1.020
1.096
1.188
1.136
1.116
1.176
1.188
1.160
1.140
1.120
1.088
1.040
0.996
1.048
1.136
1.172
1.152
1.096
1.112
1.128
1.164
1.128
1.132
1.124
1.108
1.068
1.104
1.132
1.168
1.156
1.124
1.176
1.164
1.112
1.120
1.116
1.092
1.124
1.024
1.000
1.060
1.088
1.056
1.124
1.148
1.104
1.148
1.104
1.072
1.104
1.096
1.076
1.104
1.092
1.100
1.136
1.096
1.056
1.108
1.108
1.080
1.120
1.132
1.100
1.172
1.172
1.128
1.160
1.156
1.092
1.116
1.104
1.044
0.996
0.964
1.048
1.256
1.280
1.216
1.184
1.188
1.192
1.168
1.160
1.180
1.200
1.188
1.192
1.200
1.176
1.132
1.080
1.076
1.152
1.216
1.196
1.128
1.156
1.160
1.024
1.000
1.004
0.988
0.968
0.888
0.856
0.808
0.772
0.784
0.852
0.968
0.992
1.032
1.048
0.996
1.012
1.048
1.032
0.988
0.956
1.012
1.056
1.128
1.000
1.000
1.108
1.104
1.064
1.108
1.172
1.172
1.128
1.140
1.132
1.108
1.180
1.296
1.288
1.240
1.228
1.260
1.248
1.240
1.216
1.204
1.152
1.156
1.200
1.224
1.180
1.188
1.240
1.224
1.132
1.148
1.188
1.132
1.072
1.056
1.104
1.092
1.100
1.156
1.136
1.076
1.092
1.136
0.980
0.936
0.872
0.924
0.864
0.812
0.756
0.812
0.768
0.776
0.792
0.844
0.908
0.952
0.964
0.956
0.952
0.952
0.952
0.944
0.924
0.920
0.940
0.980
0.984
1.060
1.116
1.140
1.160
1.128
1.048
0.968
0.936
1.040
1.184
1.192
1.192
1.180
1.112
1.140
1.136
1.104
1.160
1.168
1.136
1.172
1.148
1.096
1.124
1.084
1.032
1.100
1.208
1.144
1.220
1.196
1.188
1.236
1.160
1.168
1.164
1.112
1.144
1.100
1.120
1.148
1.092
1.128
1.156
1.108
1.188
1.148
1.096
1.148
1.028
1.000
1.024
0.976
0.948
1.024
1.112
1.104
1.124
1.160
1.128
1.052
1.128
1.140
1.148
1.188
1.156
1.124
1.104
1.140
1.144
1.228
1.228
1.152
1.176
1.160
1.100
1.124
1.192
1.168
1.188
1.180
1.148
1.156
1.160
1.136
1.092
0.980
0.988
1.028
1.056
0.936
0.856
0.832
0.796
0.920
1.184
1.076
1.136
1.152
1.136
1.120
1.016
0.916
0.848
0.828
0.800
0.800
0.780
0.784
0.860
0.964
1.084
1.056
1.028
1.032
1.008
0.968
0.964
1.028
1.164
1.144
1.228
1.232
1.100
1.008
0.980
1.012
0.976
1.040
1.092
1.100
1.080
1.080
1.068
1.032
0.976
0.944
1.004
1.128
1.180
1.140
1.064
1.020
0.920
0.888
0.924
0.916
1.152
1.056
0.996
1.108
1.188
1.124
1.120
1.128
1.060
0.976
0.996
0.992
1.028
0.928
0.876
0.844
0.820
0.840
0.912
0.872
0.828
0.852
0.920
0.924
1.020
1.084
1.152
1.160
1.128
1.060
1.108
1.056
1.016
1.124
1.208
1.188
1.092
1.108
1.140
1.176
1.116
1.128
1.084
1.008
0.992
1.024
1.040
1.148
1.168
0.996
0.956
1.004
1.124
1.200
1.192
1.176
1.132
1.072
1.096
1.112
1.208
1.216
1.308
1.312
1.308
1.260
1.216
1.192
1.132
1.084
1.100
1.024
1.020
1.176
1.308
1.260
1.292
1.244
1.196
1.212
1.200
1.144
1.152
1.200
1.176
1.236
1.256
1.204
1.256
1.208
1.152
1.128
1.136
1.072
1.128
1.220
1.180
1.180
1.096
1.008
1.036
1.084
1.260
1.364
1.244
1.268
1.228
1.148
1.168
1.172
1.140
1.168
1.136
1.004
0.948
0.904
0.848
0.832
1.076
1.076
1.128
1.108
1.052
1.076
1.068
1.004
1.048
1.108
1.128
1.232
1.208
1.168
1.260
1.216
1.220
1.248
1.192
1.136
1.176
1.212
1.156
1.228
1.216
1.188
1.228
1.168
1.176
1.172
1.128
1.200
1.192
1.136
1.168
1.168
1.128
1.176
1.180
1.132
1.164
1.176
1.180
1.236
1.228
1.160
1.220
1.196
1.204
1.224
1.156
1.132
1.232
1.228
1.216
1.228
1.176
1.124
1.148
1.144
1.132
1.180
1.172
1.160
1.192
1.148
1.112
1.144
1.136
1.140
1.204
1.140
1.124
1.108
1.044
1.016
1.188
1.188
1.156
1.212
1.140
1.148
1.132
1.064
1.144
1.200
1.148
1.204
1.164
1.140
1.228
1.192
1.164
1.208
1.156
1.168
1.200
1.140
1.180
1.180
1.148
1.208
1.164
1.156
1.212
1.176
1.172
1.156
1.108
1.168
1.212
1.188
1.228
1.196
1.184
1.192
1.128
1.132
1.120
1.020
1.020
1.164
1.204
1.204
1.220
1.152
1.176
1.136
1.120
1.140
1.100
1.124
1.220
1.244
1.256
1.224
1.228
1.244
1.180
1.192
1.052
0.960
0.960
0.960
1.016
1.004
0.948
0.944
1.068
1.132
1.164
1.180
1.124
1.132
1.160
1.136
1.184
1.188
1.148
1.204
1.236
1.204
1.216
1.212
1.200
1.208
1.204
1.188
1.212
1.180
1.208
1.204
1.164
1.176
1.164
1.144
1.184
1.152
1.136
1.152
1.096
1.176
1.168
1.148
1.208
1.116
1.136
1.128
1.096
1.152
1.096
1.112
1.188
1.136
1.184
1.148
1.132
1.136
1.116
1.196
1.188
1.160
1.176
1.124
1.156
1.140
1.096
1.172
1.152
1.120
1.132
1.104
1.156
1.196
1.148
1.196
1.140
1.148
1.100
0.972
0.964
0.896
0.836
0.828
0.884
1.012
1.020
0.984
0.984
1.032
1.040
1.000
1.016
1.012
1.000
1.092
1.180
1.164
1.212
1.216
1.236
1.276
1.156
1.156
1.184
1.148
1.236
1.208
1.180
1.204
1.180
1.188
1.212
1.148
1.204
1.180
1.136
1.192
1.140
1.164
1.204
1.128
1.228
1.208
1.160
1.204
1.152
1.144
1.180
1.116
1.136
1.164
1.072
1.124
1.124
1.036
0.916
0.832
0.808
0.864
1.088
0.948
0.924
0.980
1.012
1.040
1.024
0.980
0.972
1.028
1.096
1.060
1.100
1.124
1.040
1.064
1.124
1.140
1.136
1.236
1.228
1.168
1.156
1.164
1.140
1.068
1.064
1.132
1.184
1.152
1.172
1.172
1.148
1.168
1.156
1.136
1.148
1.168
1.144
1.104
1.136
1.164
1.128
1.160
1.152
1.092
1.128
1.160
1.136
1.200
1.200
1.148
1.164
1.156
1.080
1.144
1.148
1.088
1.184
1.112
1.132
1.200
1.100
1.172
1.156
1.152
1.208
1.120
1.132
1.108
1.072
1.140
1.120
1.100
1.096
1.040
1.028
1.144
1.200
1.196
1.272
1.220
1.200
1.208
1.184
1.156
1.168
1.164
1.132
1.108
1.096
1.080
1.168
1.236
1.200
1.260
1.228
1.212
1.172
1.108
1.112
1.168
1.180
1.220
1.276
1.212
1.224
1.192
1.132
1.172
1.164
1.088
1.052
1.096
1.132
1.140
1.220
1.192
1.128
1.144
1.160
1.152
1.124
1.196
1.196
1.120
1.092
1.140
1.116
1.184
1.276
1.284
1.204
1.208
1.196
1.140
1.148
1.208
1.212
1.220
1.184
1.056
1.076
1.220
1.140
1.120
1.224
1.204
1.148
1.192
1.140
1.104
1.152
1.112
1.104
1.136
1.104
1.064
1.124
1.092
1.036
1.072
1.080
1.048
1.104
1.176
1.148
1.240
1.232
1.196
1.232
1.204
1.200
1.196
1.192
1.144
1.168
1.208
1.176
1.168
1.188
1.220
1.188
1.136
1.164
1.184
1.204
1.280
1.248
1.204
1.148
1.192
1.232
1.232
1.240
1.232
1.192
1.212
1.200
1.148
1.164
1.180
1.096
1.096
1.272
1.144
1.236
1.256
1.128
1.228
1.144
1.088
1.164
1.092
1.064
1.136
1.092
1.072
1.120
1.092
1.076
1.152
1.140
1.116
1.160
1.144
1.096
1.140
1.164
1.148
1.128
1.176
1.188
1.116
1.068
1.128
1.300
1.312
1.344
1.320
1.292
1.260
1.260
1.228
1.204
1.132
1.124
1.196
1.204
1.212
1.244
1.180
1.224
1.220
1.152
1.176
1.164
1.116
1.156
1.172
1.108
1.152
1.128
1.100
1.100
1.100
1.104
1.112
1.140
1.116
1.152
1.164
1.108
1.156
1.140
1.104
1.132
1.136
1.128
1.172
1.172
1.148
1.096
1.136
1.140
1.120
1.184
1.220
1.184
1.096
1.092
1.160
1.096
1.144
1.252
1.140
1.164
1.184
1.092
1.196
1.148
1.092
1.180
1.104
1.092
1.196
1.092
1.096
1.128
1.080
1.144
1.128
1.064
1.116
1.096
1.056
1.096
1.112
1.080
1.128
1.140
1.100
1.128
1.140
1.144
1.164
1.156
1.108
1.136
1.160
1.128
1.160
1.152
1.072
1.088
1.128
1.124
1.180
1.188
1.128
1.140
1.200
1.164
1.144
1.160
1.108
1.084
1.140
1.144
1.116
1.144
1.120
1.084
1.108
1.140
1.096
1.148
1.172
1.140
1.168
1.184
1.124
1.048
1.036
1.136
1.180
1.256
1.284
1.200
1.196
1.128
1.020
1.080
1.188
1.136
1.140
1.072
0.956
0.904
0.792
0.768
0.736
0.748
0.740
0.776
0.900
0.936
0.960
0.968
0.924
0.960
0.992
1.020
1.000
0.992
0.964
0.900
0.824
0.800
0.800
0.824
1.092
1.072
1.124
1.152
1.096
1.120
1.100
1.044
1.064
1.108
1.092
1.136
1.168
1.148
1.168
1.148
1.024
1.044
1.068
1.072
1.084
1.180
1.168
1.124
1.224
1.176
1.096
1.104
1.104
1.100
1.196
1.164
1.124
1.164
1.152
1.104
1.160
1.136
1.060
1.076
1.060
0.956
0.888
0.824
0.800
0.824
0.892
0.856
0.836
0.804
0.796
0.772
0.752
0.744
0.736
0.800
0.980
1.056
1.008
1.060
1.096
1.068
1.044
1.040
1.056
1.100
1.148
1.148
1.168
1.184
1.100
1.064
1.112
1.116
1.112
1.168
1.200
1.132
1.164
1.140
1.076
1.100
1.084
1.012
1.052
1.112
1.080
1.128
1.144
1.084
1.068
1.084
1.096
1.060
0.980
0.916
0.892
0.924
1.048
1.000
0.996
1.044
1.084
1.064
1.012
0.964
0.924
0.888
0.976
0.972
1.088
1.136
1.104
1.120
1.144
1.116
1.112
1.144
1.088
1.100
1.184
1.172
1.092
1.188
1.204
1.072
1.020
0.996
0.960
0.896
0.864
0.864
0.960
0.936
0.988
1.004
0.952
0.908
0.924
0.924
0.880
0.952
1.028
1.024
0.924
0.944
0.936
0.892
0.900
0.908
0.892
0.884
0.840
0.844
0.828
0.836
1.076
1.036
1.052
1.076
1.100
1.092
1.112
1.112
1.088
1.120
1.140
1.072
1.076
1.108
1.076
1.156
1.144
1.136
1.164
1.112
1.096
1.104
1.044
1.028
1.028
0.968
0.956
1.032
1.104
0.956
0.888
0.824
0.820
0.820
0.816
0.816
0.824
0.820
0.784
0.804
0.800
0.796
0.764
0.772
0.780
0.788
0.804
0.804
0.860
0.940
1.020
1.008
0.996
0.988
0.992
1.020
0.960
1.056
1.104
1.048
1.140
1.168
1.152
1.124
1.088
1.032
1.040
1.076
1.128
1.096
1.140
1.132
1.044
1.100
1.124
1.060
1.152
1.136
1.148
1.208
1.152
1.164
1.084
1.184
1.240
1.132
1.084
0.996
1.012
1.040
0.960
0.932
0.968
0.984
1.024
1.096
1.052
0.932
0.916
0.880
0.864
1.064
0.996
1.060
1.124
1.088
1.112
1.080
1.016
0.984
1.036
1.152
1.188
1.124
1.144
1.168
1.128
1.104
1.144
1.156
1.064
0.992
1.056
1.300
1.304
1.192
1.124
1.140
1.176
1.164
1.120
1.180
1.192
1.180
1.200
1.204
1.180
1.160
1.120
0.972
0.932
1.008
1.044
1.288
1.224
1.208
1.228
1.204
1.192
1.180
1.124
1.160
1.152
1.140
1.228
1.176
1.156
1.188
1.136
1.128
1.104
1.048
1.100
1.120
1.080
1.144
1.140
1.104
1.132
1.128
1.104
1.136
1.100
1.056
0.988
1.056
1.112
1.072
1.220
1.140
1.124
1.160
1.072
1.104
1.104
1.064
1.120
1.064
1.064
1.136
1.112
1.088
1.128
1.096
1.072
1.072
1.016
0.984
0.992
1.000
1.004
1.056
1.052
1.068
1.120
1.068
1.076
1.088
1.036
1.092
1.080
1.028
1.052
1.044
1.028
1.060
0.944
0.900
0.788
0.752
0.740
0.924
0.980
0.888
0.840
0.836
0.836
0.852
0.856
0.820
0.852
0.892
0.956
1.004
1.016
1.076
1.096
1.076
1.088
1.084
1.096
1.044
1.080
1.116
1.136
1.184
1.172
1.084
1.112
1.092
1.032
0.976
1.024
1.128
1.148
1.100
1.160
1.164
1.092
1.124
1.116
1.080
1.168
1.172
1.100
1.112
1.064
1.032
1.104
1.144
1.072
1.096
1.168
1.116
1.152
1.184
1.128
1.128
1.136
1.104
1.092
1.128
1.124
1.120
1.148
1.144
1.116
1.144
1.140
1.108
1.132
1.152
1.128
1.136
1.116
1.032
0.944
0.940
0.960
0.988
1.048
1.168
1.140
1.148
1.164
1.084
1.060
1.068
1.024
1.088
1.092
0.984
1.012
1.040
1.016
1.120
1.176
1.108
1.176
1.152
1.124
1.120
1.076
1.064
1.092
1.096
1.084
1.116
1.084
1.076
1.104
1.068
1.084
1.132
1.100
1.096
1.124
1.080
1.108
1.128
1.076
1.120
1.152
1.068
1.100
1.108
1.056
1.124
1.140
1.084
1.112
1.088
1.076
1.140
1.116
1.064
1.136
1.100
1.032
1.044
1.068
1.012
1.076
1.124
1.080
1.128
1.100
1.044
1.052
1.052
1.000
1.012
1.020
0.996
1.024
1.056
1.048
1.100
1.136
1.076
1.124
1.116
1.044
0.948
0.872
0.796
0.788
0.748
0.732
0.720
0.720
0.732
0.728
0.728
0.728
0.708
0.708
0.712
0.700
0.704
0.704
0.724
0.856
1.260
1.148
1.132
1.164
1.164
1.148
1.076
1.144
1.164
1.100
1.156
1.216
1.156
1.160
1.212
1.192
1.096
0.984
0.840
0.788
0.740
0.748
0.708
0.684
0.692
0.720
0.872
0.812
0.956
0.948
0.956
0.920
0.856
0.804
0.796
0.796
0.804
0.836
0.868
0.976
0.964
0.952
0.924
0.864
0.828
0.776
0.728
0.696
0.672
0.664
0.676
1.124
0.956
0.948
0.948
1.104
1.192
1.152
1.116
0.980
0.884
0.844
0.888
0.968
1.168
1.072
1.000
0.992
1.044
1.080
1.056
